n_profile Patient_ID Drug_ID Time FGFR2 FRS2 TSC2 mTOR RHEB SOX10 FOXD3 ERBB3 ERBB2 ATM p53 p21 MDM2
0 SK-MEL-5 Zero 49.0 0.514 0.514 0.75 0.25 0.25 0.504 0.0 0.0 1.0 0.48600000000000004 0.48600000000000004 0.48600000000000004 0.0
1 SK-MEL-31 Zero 49.0 0.4946 0.4946 0.7592 0.2408 0.2408 0.5002 0.0 0.0 0.0 0.5092 0.5092 0.5092 0.0
0 SK-MEL-5 BRAF 49.0 0.4985999999999999 0.4985999999999999 0.6368509999999998 0.36565899999999985 0.3646929999999999 0.5023999999999998 0.2735979999999999 0.2752969999999999 1.000002 0.504402 0.504402 0.504402 0.0
1 SK-MEL-31 BRAF 49.0 0.5016009999999999 0.5016009999999999 0.632931 0.364603 0.36152599999999996 0.49939999999999984 0.28251499999999996 0.2796539999999999 0.15759999999999996 0.5038009999999999 0.5038009999999999 0.5038009999999999 0.0
0 SK-MEL-5 PI3K 49.0 0.4926 0.4926 1.0 0.0 0.0 0.5085999999999999 0.0 0.0 1.0 0.49599999999999994 0.49599999999999994 0.49599999999999994 0.0
1 SK-MEL-31 PI3K 49.0 0.49679999999999996 0.49679999999999996 1.0 0.0 0.0 0.5044 0.0 0.0 0.0 0.5012 0.5012 0.5012 0.0
0 SK-MEL-5 p53 49.0 0.4999999999999999 0.4999999999999999 0.503 0.497 0.497 0.51 0.0 0.0 1.0 0.51 0.0 0.0 0.0
1 SK-MEL-31 p53 49.0 0.5034 0.5034 0.5026 0.49739999999999995 0.49739999999999995 0.5018 0.0 0.0 0.0 0.48479999999999995 0.0 0.0 0.0
2 A2058 Zero 49.0 0.5087999999999999 0.5087999999999999 0.5075999999999999 0.49240000000000006 0.49240000000000006 0.5 0.0 0.0 0.0 0.5128 0.0 0.0 0.0
3 CP50-MEL-B Zero 49.0 0.4894 0.4894 0.7505999999999999 0.2494 0.2494 0.506 0.0 0.0 0.0 0.5018 0.5018 0.5018 0.0
2 A2058 BRAF 49.0 0.4978 0.4978 0.5068 0.49319999999999997 0.49319999999999997 0.5158 0.0 0.0 0.0 0.5084 0.0 0.0 0.0
2 A2058 PI3K 49.0 0.5034000000000001 0.5034000000000001 1.0 0.0 0.0 0.496 0.0 0.0 0.0 0.5025999999999999 0.0 0.0 0.0
3 CP50-MEL-B BRAF 49.0 0.49320100000000006 0.49320100000000006 0.6303510000000001 0.372921 0.3703340000000001 0.501603 0.27774400000000005 0.2773629999999998 0.15020300000000003 0.5008009999999999 0.5008009999999999 0.5008009999999999 0.0
2 A2058 p53 49.0 0.5058 0.5058 0.4978 0.5022 0.5022 0.499 0.0 0.0 0.0 0.4977999999999999 0.0 0.0 0.0
3 CP50-MEL-B PI3K 49.0 0.49420000000000003 0.49420000000000003 0.9999999999999998 0.0 0.0 0.49820000000000003 0.0 0.0 0.0 0.5014000000000001 0.5014000000000001 0.5014000000000001 0.0
4 CP66-MEL Zero 49.0 0.5038 0.5038 0.7516 0.24839999999999995 0.24839999999999995 0.5014 0.0 0.0 0.0 0.5026 0.5026 0.5026 0.0
3 CP50-MEL-B p53 49.0 0.5102 0.5102 0.498 0.502 0.502 0.5109999999999999 0.0 0.0 0.0 0.49560000000000004 0.0 0.0 0.0
4 CP66-MEL BRAF 49.0 0.4946 0.4946 0.7528000000000002 0.24720000000000003 0.24720000000000003 0.511 0.0 0.0 0.0 0.5052000000000001 0.5052000000000001 0.5052000000000001 0.0
4 CP66-MEL PI3K 49.0 0.5065999999999999 0.5065999999999999 1.0 0.0 0.0 0.4992 0.0 0.0 0.0 0.5006 0.5006 0.5006 0.0
5 HT-115 Zero 49.0 0.5049999999999999 0.5049999999999999 0.0 1.000001 1.000001 0.494201 0.274702 0.26977 0.14914100000000002 0.489201 0.489201 0.0 0.0
4 CP66-MEL p53 49.0 0.49820000000000003 0.49820000000000003 0.507 0.49299999999999994 0.49299999999999994 0.49460000000000004 0.0 0.0 0.0 0.5004 0.0 0.0 0.0
6 WM793B Zero 49.0 0.5014000000000001 0.5014000000000001 0.7584000000000001 0.2416 0.2416 0.508 0.0 0.0 0.0 0.5066 0.5066 0.5066 0.0
5 HT-115 BRAF 49.0 0.48799999999999993 0.48799999999999993 0.0 1.0 1.0 0.48819999999999997 0.26257300000000006 0.26465400000000006 0.15317100000000003 0.4922009999999999 0.4922009999999999 0.0 0.0
6 WM793B BRAF 49.0 0.495598 0.495598 0.6112830000000001 0.38738400000000006 0.390511 0.514198 0.28175400000000006 0.2846550000000001 0.152112 0.48980000000000007 0.48980000000000007 0.48980000000000007 0.0
5 HT-115 PI3K 49.0 0.4870009999999999 0.4870009999999999 1.0000019999999998 0.0 0.0 0.4832019999999999 0.22574800000000003 0.22622499999999998 0.14259 0.5078019999999999 0.5078019999999999 0.5078019999999999 0.0
6 WM793B PI3K 49.0 0.511 0.511 1.0 0.0 0.0 0.4918 0.0 0.0 0.0 0.4987999999999999 0.4987999999999999 0.4987999999999999 0.0
6 WM793B p53 49.0 0.4974 0.4974 0.5072 0.49279999999999996 0.49279999999999996 0.4942 0.0 0.0 0.0 0.502 0.0 0.0 0.0
5 HT-115 p53 49.0 0.5045989999999999 0.5045989999999999 0.0 0.9999989999999999 0.9999989999999999 0.508999 0.272542 0.272491 0.15508 0.5041979999999998 0.0 0.0 0.0
8 SK-MEL-1 Zero 49.0 0.51 0.51 0.746 0.254 0.254 0.5124 0.0 0.0 0.0 0.4967999999999999 0.4967999999999999 0.4967999999999999 0.0
7 WT Zero 49.0 0.4995990000000001 0.4995990000000001 0.6265479999999999 0.37229599999999996 0.3706220000000001 0.5101969999999999 0.2566810000000001 0.26259 0.1360260000000001 0.48999899999999996 0.48999899999999996 0.48999899999999996 0.0
8 SK-MEL-1 BRAF 49.0 0.4946030000000001 0.4946030000000001 0.6312439999999999 0.3722410000000001 0.36928600000000017 0.5068020000000003 0.28170900000000004 0.27775299999999997 0.15364900000000004 0.5078 0.5078 0.5078 0.0
7 WT BRAF 49.0 0.4991970000000001 0.4991970000000001 0.6321700000000002 0.37108500000000005 0.36902899999999994 0.49279699999999976 0.271076 0.27444899999999994 0.15796600000000002 0.5033989999999999 0.5033989999999999 0.5033989999999999 0.0
8 SK-MEL-1 PI3K 49.0 0.5015999999999999 0.5015999999999999 1.0 0.0 0.0 0.5046 0.0 0.0 0.0 0.4952 0.4952 0.4952 0.0
8 SK-MEL-1 p53 49.0 0.5094 0.5094 0.5028 0.4971999999999999 0.4971999999999999 0.4952 0.0 0.0 0.0 0.48819999999999997 0.0 0.0 0.0
7 WT PI3K 49.0 0.5096009999999999 0.5096009999999999 1.0000009999999997 0.0 0.0 0.502401 0.22526499999999997 0.225311 0.132834 0.502001 0.502001 0.502001 0.0
9 SW626 Zero 49.0 0.5045999999999999 0.5045999999999999 0.7488 0.25120000000000003 0.25120000000000003 0.49179999999999996 0.0 0.0 0.0 0.4992 0.4992 0.4992 0.0
9 SW626 BRAF 49.0 0.4848 0.4848 0.7589999999999999 0.241 0.241 0.5012 0.0 0.0 0.0 0.516 0.516 0.516 0.0
9 SW626 PI3K 49.0 0.4978 0.4978 1.0 0.0 0.0 0.49019999999999997 0.0 0.0 0.0 0.5012 0.5012 0.5012 0.0
7 WT p53 49.0 0.507 0.507 0.2725700000000001 0.727499 0.7259639999999999 0.5022009999999999 0.2648940000000002 0.2682020000000002 0.161081 0.48739999999999983 0.0 0.0 0.0
9 SW626 p53 49.0 0.4962 0.4962 0.5 0.5 0.5 0.49920000000000003 0.0 0.0 0.0 0.48719999999999997 0.0 0.0 0.0
10 SNU-C1 Zero 49.0 0.4992 0.4992 0.7515999999999999 0.2484 0.2484 0.4941999999999999 0.0 0.0 0.0 0.49360000000000004 0.49360000000000004 0.49360000000000004 0.0
11 HMV-II Zero 49.0 0.49700000000000005 0.49700000000000005 0.7482 0.2518 0.2518 0.49260000000000004 0.0 0.0 0.0 0.4792 0.4792 0.4792 0.0
10 SNU-C1 BRAF 49.0 0.498 0.498 0.7404 0.2596 0.2596 0.5062 0.0 0.0 0.0 0.4948 0.4948 0.4948 0.0
11 HMV-II BRAF 49.0 0.4954 0.4954 0.7496 0.25039999999999996 0.25039999999999996 0.5108 0.0 0.0 0.0 0.505 0.505 0.505 0.0
10 SNU-C1 PI3K 49.0 0.5054000000000001 0.5054000000000001 1.0 0.0 0.0 0.5092 0.0 0.0 0.0 0.5002 0.5002 0.5002 0.0
11 HMV-II PI3K 49.0 0.5077999999999999 0.5077999999999999 1.0 0.0 0.0 0.5036 0.0 0.0 0.0 0.49920000000000003 0.49920000000000003 0.49920000000000003 0.0
10 SNU-C1 p53 49.0 0.5007999999999999 0.5007999999999999 0.5069999999999999 0.493 0.493 0.503 0.0 0.0 0.0 0.48879999999999996 0.0 0.0 0.0
11 HMV-II p53 49.0 0.5105999999999999 0.5105999999999999 0.5057999999999999 0.49420000000000003 0.49420000000000003 0.4968 0.0 0.0 0.0 0.49960000000000004 0.0 0.0 0.0
12 SNU-C5 Zero 49.0 0.49379999999999996 0.49379999999999996 0.0 1.0 1.0 0.5002 0.0 0.0 0.0 0.5084 0.0 0.0 0.0
13 VMRC-MELG Zero 49.0 0.48760000000000003 0.48760000000000003 0.7537999999999999 0.24619999999999997 0.24619999999999997 0.505 0.0 0.0 0.0 0.506 0.506 0.506 0.0
12 SNU-C5 BRAF 49.0 0.5084009999999999 0.5084009999999999 0.0 0.9999999999999997 0.9999999999999997 0.5059999999999999 0.280024 0.281113 0.154208 0.4979989999999999 0.0 0.0 0.0
12 SNU-C5 PI3K 49.0 0.4932 0.4932 0.9999999999999999 0.0 0.0 0.5096 0.0 0.0 0.0 0.5052 0.0 0.0 0.0
13 VMRC-MELG BRAF 49.0 0.506801 0.506801 0.6234110000000002 0.37801599999999996 0.37630800000000003 0.500601 0.271326 0.274737 0.15563800000000003 0.4934009999999999 0.4934009999999999 0.4934009999999999 0.0
12 SNU-C5 p53 49.0 0.5014 0.5014 0.0 1.0 1.0 0.51 0.0 0.0 0.0 0.502 0.0 0.0 0.0
13 VMRC-MELG PI3K 49.0 0.501 0.501 0.9999999999999999 0.0 0.0 0.49360000000000004 0.0 0.0 0.0 0.5034000000000001 0.5034000000000001 0.5034000000000001 0.0
14 GP5d Zero 49.0 0.5027999999999999 0.5027999999999999 0.0 0.9999999999999999 0.9999999999999999 0.5055999999999999 0.0 0.0 0.0 0.4978 0.4978 0.0 0.0
13 VMRC-MELG p53 49.0 0.5009999999999999 0.5009999999999999 0.5072 0.4928 0.4928 0.49219999999999997 0.0 0.0 0.0 0.502 0.0 0.0 0.0
14 GP5d BRAF 49.0 0.5004 0.5004 0.0 0.9999999999999999 0.9999999999999999 0.5064 0.0 0.0 0.0 0.5142 0.5142 0.0 0.0
15 HT55 Zero 49.0 0.4966 0.4966 0.7530000000000001 0.247 0.247 0.49460000000000004 0.0 0.0 0.0 0.49820000000000003 0.49820000000000003 0.49820000000000003 0.0
14 GP5d PI3K 49.0 0.5028 0.5028 1.0 0.0 0.0 0.48519999999999996 0.0 0.0 0.0 0.48639999999999994 0.48639999999999994 0.48639999999999994 0.0
14 GP5d p53 49.0 0.501 0.501 0.0 1.0 1.0 0.5032 0.0 0.0 0.0 0.4988 0.0 0.0 0.0
15 HT55 BRAF 49.0 0.5004019999999998 0.5004019999999998 0.6372310000000001 0.36092499999999983 0.3627099999999999 0.5074030000000003 0.27642899999999976 0.27661499999999983 0.1486330000000001 0.502202 0.502202 0.502202 0.0
16 UACC-62 Zero 49.0 0.5008 0.5008 0.7458000000000001 0.2542 0.2542 0.5136000000000001 0.0 0.0 0.0 0.4856 0.4856 0.4856 0.0
15 HT55 PI3K 49.0 0.49319999999999997 0.49319999999999997 1.0 0.0 0.0 0.49460000000000004 0.0 0.0 0.0 0.508 0.508 0.508 0.0
15 HT55 p53 49.0 0.4976 0.4976 0.4982 0.5018 0.5018 0.504 0.0 0.0 0.0 0.4935999999999999 0.0 0.0 0.0
16 UACC-62 BRAF 49.0 0.48699999999999993 0.48699999999999993 0.6267660000000006 0.37829299999999993 0.3774540000000001 0.504201 0.27980499999999997 0.278869 0.15456400000000003 0.497201 0.497201 0.497201 0.0
17 LoVo Zero 49.0 0.5032 0.5032 0.751 0.249 0.249 0.492 0.0 0.0 0.0 0.5076 0.5076 0.5076 0.0
16 UACC-62 PI3K 49.0 0.5074 0.5074 1.0 0.0 0.0 0.5007999999999999 0.0 0.0 0.0 0.49999999999999994 0.49999999999999994 0.49999999999999994 0.0
17 LoVo BRAF 49.0 0.508 0.508 0.7526 0.2474 0.2474 0.5048 0.0 0.0 0.0 0.5022 0.5022 0.5022 0.0
16 UACC-62 p53 49.0 0.5074000000000001 0.5074000000000001 0.4966 0.5034000000000001 0.5034000000000001 0.4966 0.0 0.0 0.0 0.5095999999999999 0.0 0.0 0.0
17 LoVo PI3K 49.0 0.5098 0.5098 1.0 0.0 0.0 0.5032000000000001 0.0 0.0 0.0 0.5028 0.5028 0.5028 0.0
18 SK-MEL-2 Zero 49.0 0.4964 0.4964 0.49500000000000005 0.5049999999999999 0.5049999999999999 0.5015999999999999 0.0 0.0 0.0 0.4902 0.0 0.0 0.0
17 LoVo p53 49.0 0.5058 0.5058 0.51 0.48999999999999994 0.48999999999999994 0.5002 0.0 0.0 0.0 0.5075999999999999 0.0 0.0 0.0
18 SK-MEL-2 BRAF 49.0 0.5016 0.5016 0.503 0.497 0.497 0.4986 0.0 0.0 0.0 0.5126 0.0 0.0 0.0
19 HT-29 Zero 49.0 0.5068 0.5068 0.0 0.9999999999999999 0.9999999999999999 0.48839999999999995 0.0 0.0 0.0 0.5136000000000001 0.0 0.0 0.0
18 SK-MEL-2 PI3K 49.0 0.4972 0.4972 1.0 0.0 0.0 0.511 0.0 0.0 0.0 0.49239999999999995 0.0 0.0 0.0
18 SK-MEL-2 p53 49.0 0.49899999999999994 0.49899999999999994 0.5082 0.4918 0.4918 0.4924 0.0 0.0 0.0 0.5112000000000001 0.0 0.0 0.0
19 HT-29 BRAF 49.0 0.5065999999999999 0.5065999999999999 0.0 1.0 1.0 0.4952 0.26112199999999997 0.25689599999999996 0.160508 0.5020009999999999 0.0 0.0 0.0
19 HT-29 PI3K 49.0 0.5054 0.5054 1.0 0.0 0.0 0.49760000000000004 0.0 0.0 0.0 0.5166 0.0 0.0 0.0
20 LOXIMVI Zero 49.0 0.49640000000000006 0.49640000000000006 0.7441999999999999 0.2558 0.2558 0.4858 0.0 0.0 0.0 0.48979999999999996 0.48979999999999996 0.48979999999999996 0.0
19 HT-29 p53 49.0 0.49240000000000006 0.49240000000000006 0.0 1.0000000000000002 1.0000000000000002 0.5046 0.0 0.0 0.0 0.49940000000000007 0.0 0.0 0.0
21 RPMI-7951 Zero 49.0 0.5038 0.5038 0.7484 0.2516 0.2516 0.49820000000000003 0.0 0.0 0.0 0.5056 0.5056 0.5056 0.0
20 LOXIMVI BRAF 49.0 0.49239700000000003 0.49239700000000003 0.6292660000000001 0.370357 0.3709019999999999 0.503597 0.27282800000000007 0.27766600000000013 0.158147 0.4978 0.4978 0.4978 0.0
20 LOXIMVI PI3K 49.0 0.513 0.513 0.9999999999999999 0.0 0.0 0.49400000000000005 0.0 0.0 0.0 0.49739999999999995 0.49739999999999995 0.49739999999999995 0.0
20 LOXIMVI p53 49.0 0.49940000000000007 0.49940000000000007 0.48780000000000007 0.5122 0.5122 0.5024 0.0 0.0 0.0 0.4964 0.0 0.0 0.0
21 RPMI-7951 BRAF 49.0 0.4968009999999999 0.4968009999999999 0.629066 0.36896599999999996 0.36748699999999995 0.5148019999999999 0.28203599999999995 0.2800660000000001 0.15040700000000004 0.5028 0.5028 0.5028 0.0
21 RPMI-7951 PI3K 49.0 0.5016 0.5016 1.0 0.0 0.0 0.497 0.0 0.0 0.0 0.509 0.509 0.509 0.0
22 LS-513 Zero 49.0 0.4956 0.4956 0.7562 0.2438 0.2438 0.5018 0.0 0.0 0.0 0.5034 0.5034 0.5034 0.0
21 RPMI-7951 p53 49.0 0.5014000000000001 0.5014000000000001 0.4958 0.5042 0.5042 0.49199999999999994 0.0 0.0 0.0 0.5054 0.0 0.0 0.0
22 LS-513 BRAF 49.0 0.5116 0.5116 0.7490000000000001 0.251 0.251 0.5068 0.0 0.0 0.0 0.49620000000000003 0.49620000000000003 0.49620000000000003 0.0
22 LS-513 PI3K 49.0 0.5022 0.5022 0.9999999999999999 0.0 0.0 0.4972 0.0 0.0 0.0 0.4966 0.4966 0.4966 0.0
23 CP67-MEL Zero 49.0 0.4996 0.4996 0.748 0.252 0.252 0.4968000000000001 0.0 0.0 0.0 0.506 0.506 0.506 0.0
22 LS-513 p53 49.0 0.5077999999999999 0.5077999999999999 0.4968 0.5032 0.5032 0.4936 0.0 0.0 0.0 0.49539999999999995 0.0 0.0 0.0
24 RVH-421 Zero 49.0 0.486 0.486 0.7474000000000001 0.2526 0.2526 0.49440000000000006 0.0 0.0 0.0 0.5026 0.5026 0.5026 0.0
23 CP67-MEL BRAF 49.0 0.495598 0.495598 0.625149 0.371729 0.3742000000000001 0.4922009999999999 0.2614960000000001 0.258298 0.16312299999999996 0.4933999999999999 0.4933999999999999 0.4933999999999999 0.0
23 CP67-MEL PI3K 49.0 0.494 0.494 1.0 0.0 0.0 0.4986 0.0 0.0 0.0 0.4976 0.4976 0.4976 0.0
24 RVH-421 BRAF 49.0 0.5077969999999999 0.5077969999999999 0.616979 0.38338800000000006 0.3839120000000001 0.5097960000000001 0.277569 0.27973899999999996 0.15271000000000004 0.496398 0.496398 0.496398 0.0
23 CP67-MEL p53 49.0 0.5016 0.5016 0.4944 0.5055999999999999 0.5055999999999999 0.5000000000000001 0.0 0.0 0.0 0.4976 0.0 0.0 0.0
24 RVH-421 PI3K 49.0 0.49140000000000006 0.49140000000000006 1.0 0.0 0.0 0.4884 0.0 0.0 0.0 0.501 0.501 0.501 0.0
25 WM278 Zero 49.0 0.5058 0.5058 0.737 0.263 0.263 0.49239999999999995 0.0 0.0 0.0 0.4934 0.4934 0.4934 0.0
24 RVH-421 p53 49.0 0.507 0.507 0.5048 0.4951999999999999 0.4951999999999999 0.507 0.0 0.0 0.0 0.4892 0.0 0.0 0.0
26 SK-MEL-28 Zero 49.0 0.49439999999999995 0.49439999999999995 0.4928 0.5072 0.5072 0.49739999999999995 0.0 0.0 0.0 0.49939999999999996 0.0 0.0 0.0
25 WM278 BRAF 49.0 0.504802 0.504802 0.6265380000000003 0.3688699999999999 0.37273399999999995 0.5039980000000001 0.271849 0.269339 0.1631959999999999 0.49080000000000007 0.49080000000000007 0.49080000000000007 0.0
25 WM278 PI3K 49.0 0.4988 0.4988 1.0000000000000002 0.0 0.0 0.5034000000000001 0.0 0.0 0.0 0.4882 0.4882 0.4882 0.0
26 SK-MEL-28 BRAF 49.0 0.5063989999999999 0.5063989999999999 0.26314400000000016 0.7395879999999998 0.7396209999999999 0.5084000000000001 0.27884200000000003 0.28142100000000014 0.15766200000000005 0.5028009999999998 0.0 0.0 0.0
25 WM278 p53 49.0 0.4998 0.4998 0.5124 0.4876 0.4876 0.5006 0.0 0.0 0.0 0.49200000000000005 0.0 0.0 0.0
26 SK-MEL-28 PI3K 49.0 0.4998 0.4998 1.0 0.0 0.0 0.5044000000000001 0.0 0.0 0.0 0.4938 0.0 0.0 0.0
27 COLO-783 Zero 49.0 0.502 0.502 0.758 0.242 0.242 0.4998 0.0 0.0 0.0 0.509 0.509 0.509 0.0
26 SK-MEL-28 p53 49.0 0.5047999999999999 0.5047999999999999 0.4904 0.5095999999999999 0.5095999999999999 0.5002 0.0 0.0 0.0 0.5076 0.0 0.0 0.0
27 COLO-783 BRAF 49.0 0.49980199999999986 0.49980199999999986 0.618278 0.37975599999999987 0.38136999999999993 0.5060039999999998 0.2774749999999998 0.27772299999999994 0.15492200000000006 0.489801 0.489801 0.489801 0.0
28 SNU-1040 Zero 49.5 0.5115999999999999 0.5115999999999999 0.0 1.0 1.0 0.5076 0.27409399999999995 1.0 1.0 0.5022000000000001 0.0 0.0 0.0
27 COLO-783 PI3K 49.0 0.5034 0.5034 1.0 0.0 0.0 0.5036 0.0 0.0 0.0 0.5124 0.5124 0.5124 0.0
27 COLO-783 p53 49.0 0.48639999999999994 0.48639999999999994 0.5 0.5 0.5 0.48999999999999994 0.0 0.0 0.0 0.4948 0.0 0.0 0.0
28 SNU-1040 BRAF 49.5 0.49520000000000003 0.49520000000000003 0.0 1.0 1.0 0.496 0.266111 1.0 1.0 0.4994 0.0 0.0 0.0
29 COLO-800 Zero 49.0 0.5128 0.5128 0.479 0.521 0.521 0.49560000000000004 0.0 0.0 0.0 0.4958 0.0 0.0 0.0
28 SNU-1040 PI3K 49.5 0.4954 0.4954 1.0 0.0 0.0 0.5062 0.236441 1.0 1.0 0.509 0.0 0.0 0.0
29 COLO-800 BRAF 49.0 0.502201 0.502201 0.265916 0.729005 0.7287149999999999 0.49760099999999985 0.2719129999999999 0.275823 0.15366900000000006 0.5032010000000001 0.0 0.0 0.0
28 SNU-1040 p53 49.5 0.4892 0.4892 0.0 1.0 1.0 0.5016 0.263478 1.0 1.0 0.501 0.0 0.0 0.0
29 COLO-800 PI3K 49.0 0.49079999999999996 0.49079999999999996 1.0 0.0 0.0 0.5076 0.0 0.0 0.0 0.5028 0.0 0.0 0.0
30 LS-180 Zero 49.0 0.4952 0.4952 0.0 1.0 1.0 0.5042 0.0 0.0 0.0 0.5004000000000001 0.5004000000000001 0.0 0.0
29 COLO-800 p53 49.0 0.5022 0.5022 0.5139999999999999 0.486 0.486 0.502 0.0 0.0 0.0 0.5044 0.0 0.0 0.0
30 LS-180 BRAF 49.0 0.5022 0.5022 0.0 1.0 1.0 0.5074 0.0 0.0 0.0 0.5096 0.5096 0.0 0.0
30 LS-180 PI3K 49.0 0.5132 0.5132 1.0 0.0 0.0 0.507 0.0 0.0 0.0 0.503 0.503 0.503 0.0
30 LS-180 p53 49.0 0.5052 0.5052 0.0 1.0 1.0 0.49960000000000004 0.0 0.0 0.0 0.5 0.0 0.0 0.0
31 KM12 Zero 49.0 0.49760099999999985 0.49760099999999985 0.277991 0.7278390000000001 0.7242770000000002 0.5041999999999996 0.2679519999999999 0.267145 0.147973 0.5169990000000001 0.0 0.0 0.0
32 SK-MEL-30 Zero 49.0 0.5072 0.5072 0.7482 0.2518 0.2518 0.5115999999999999 0.0 0.0 0.0 0.49979999999999997 0.49979999999999997 0.49979999999999997 0.0
32 SK-MEL-30 BRAF 49.0 0.4968000000000001 0.4968000000000001 0.7488000000000001 0.2512 0.2512 0.4904 0.0 0.0 0.0 0.5022 0.5022 0.5022 0.0
31 KM12 BRAF 49.0 0.4959959999999998 0.4959959999999998 0.2591879999999999 0.7397459999999997 0.7410099999999995 0.5013979999999997 0.2671019999999999 0.26710799999999996 0.16053800000000007 0.5064009999999997 0.0 0.0 0.0
32 SK-MEL-30 PI3K 49.0 0.4948 0.4948 1.0 0.0 0.0 0.5064 0.0 0.0 0.0 0.5096 0.5096 0.5096 0.0
32 SK-MEL-30 p53 49.0 0.49660000000000004 0.49660000000000004 0.506 0.49399999999999994 0.49399999999999994 0.4894 0.0 0.0 0.0 0.4982000000000001 0.0 0.0 0.0
31 KM12 PI3K 49.0 0.49420000000000003 0.49420000000000003 0.9999990000000001 0.0 0.0 0.49859900000000007 0.243959 0.244872 0.12735200000000002 0.48839999999999995 0.0 0.0 0.0
33 SNU-407 Zero 49.0 0.5136000000000001 0.5136000000000001 0.0 1.0 1.0 0.49660000000000004 0.0 1.0 0.0 0.49960000000000004 0.49960000000000004 0.0 0.0
33 SNU-407 BRAF 49.0 0.5022 0.5022 0.0 1.0 1.0 0.49060000000000004 0.0 1.0 0.0 0.5068 0.5068 0.0 0.0
33 SNU-407 PI3K 49.0 0.4938 0.4938 1.0 0.0 0.0 0.5005999999999999 0.0 1.0 0.0 0.5208 0.5208 0.5208 0.0
31 KM12 p53 49.0 0.4965989999999999 0.4965989999999999 0.26849500000000004 0.7292579999999995 0.7324619999999998 0.5042009999999999 0.278538 0.27545899999999995 0.145977 0.4958009999999999 0.0 0.0 0.0
33 SNU-407 p53 49.0 0.4924 0.4924 0.0 1.0 1.0 0.504 0.0 1.0 0.0 0.4918 0.0 0.0 0.0
35 SW948 Zero 49.0 0.49779999999999996 0.49779999999999996 0.0 1.0 1.0 0.5 0.0 0.0 0.0 0.5052 0.5052 0.0 0.0
34 COLO-792 Zero 49.0 0.5009979999999998 0.5009979999999998 0.6434289999999998 0.35653199999999996 0.358518 0.5011979999999997 0.252899 0.25805500000000003 0.14577299999999999 0.504 0.504 0.504 0.0
35 SW948 BRAF 49.0 0.49559999999999993 0.49559999999999993 0.0 0.9999999999999999 0.9999999999999999 0.5095999999999999 0.0 0.0 0.0 0.49439999999999995 0.49439999999999995 0.0 0.0
35 SW948 PI3K 49.0 0.49839999999999995 0.49839999999999995 1.0 0.0 0.0 0.4896 0.0 0.0 0.0 0.49139999999999995 0.49139999999999995 0.49139999999999995 0.0
34 COLO-792 BRAF 49.0 0.503599 0.503599 0.632387 0.3643779999999999 0.364967 0.4949989999999999 0.27600099999999994 0.27805399999999997 0.15077700000000008 0.5088 0.5088 0.5088 0.0
35 SW948 p53 49.0 0.49740000000000006 0.49740000000000006 0.0 1.0 1.0 0.5058 0.0 0.0 0.0 0.501 0.0 0.0 0.0
36 NCI-H508 Zero 49.0 0.4964 0.4964 0.0 1.0 1.0 0.4964 0.0 0.0 0.0 0.492 0.0 0.0 0.0
34 COLO-792 PI3K 49.0 0.504399 0.504399 0.9999959999999999 0.0 0.0 0.508396 0.24089799999999997 0.23873000000000003 0.13802 0.4931970000000001 0.4931970000000001 0.4931970000000001 0.0
36 NCI-H508 BRAF 49.0 0.49640100000000004 0.49640100000000004 0.0 1.000002 1.000002 0.499202 0.27276399999999995 0.278813 0.15541399999999997 0.4932000000000001 0.0 0.0 0.0
36 NCI-H508 PI3K 49.0 0.49959999999999993 0.49959999999999993 1.0 0.0 0.0 0.4818 0.0 0.0 0.0 0.51 0.0 0.0 0.0
34 COLO-792 p53 49.0 0.503801 0.503801 0.2790849999999999 0.7268039999999998 0.7243169999999998 0.5074009999999998 0.25964500000000007 0.26457900000000006 0.14774800000000002 0.5083979999999997 0.0 0.0 0.0
36 NCI-H508 p53 49.0 0.5052 0.5052 0.0 1.0 1.0 0.49979999999999997 0.0 0.0 0.0 0.4978 0.0 0.0 0.0
37 SW837 Zero 49.0 0.5064 0.5064 0.5055999999999999 0.4944 0.4944 0.49200000000000005 0.0 0.0 0.0 0.5077999999999999 0.0 0.0 0.0
37 SW837 BRAF 49.0 0.4842 0.4842 0.5004000000000001 0.49960000000000004 0.49960000000000004 0.48860000000000003 0.0 0.0 0.0 0.4978 0.0 0.0 0.0
38 CHL-1 Zero 49.0 0.49499999999999983 0.49499999999999983 0.2749669999999998 0.7247080000000004 0.7235210000000005 0.49959899999999974 0.27216299999999993 0.269468 0.15019000000000002 0.491403 0.0 0.0 0.0
37 SW837 PI3K 49.0 0.503 0.503 1.0 0.0 0.0 0.5064 0.0 0.0 0.0 0.505 0.0 0.0 0.0
37 SW837 p53 49.0 0.5202 0.5202 0.4946 0.5054 0.5054 0.5017999999999999 0.0 0.0 0.0 0.4958 0.0 0.0 0.0
38 CHL-1 BRAF 49.0 0.5130020000000002 0.5130020000000002 0.2604539999999999 0.7433040000000003 0.7373470000000004 0.4940049999999999 0.2695739999999999 0.27129299999999984 0.162519 0.4940029999999999 0.0 0.0 0.0
39 CW-2 Zero 49.5 0.4992 0.4992 0.49679999999999996 0.5032 0.5032 0.506 0.25301 1.0 1.0 0.49679999999999996 0.49679999999999996 0.49679999999999996 0.0
38 CHL-1 PI3K 49.0 0.5002 0.5002 0.9999990000000001 0.0 0.0 0.4961989999999999 0.238066 0.236603 0.131283 0.49299899999999997 0.0 0.0 0.0
39 CW-2 BRAF 49.5 0.494 0.494 0.4998 0.5002000000000001 0.5002000000000001 0.505 0.26715 1.0 1.0 0.4998 0.4998 0.4998 0.0
38 CHL-1 p53 49.0 0.508799 0.508799 0.2665869999999999 0.741069 0.7376899999999998 0.49999899999999997 0.27039399999999997 0.2705789999999999 0.15071099999999993 0.5131999999999999 0.0 0.0 0.0
39 CW-2 PI3K 49.5 0.4998 0.4998 1.0 0.0 0.0 0.5154000000000001 0.22732600000000003 1.0 1.0 0.502 0.502 0.502 0.0
40 CL-40 Zero 49.0 0.5052 0.5052 0.5035999999999999 0.49639999999999995 0.49639999999999995 0.5052 0.0 0.0 0.0 0.5054 0.0 0.0 0.0
40 CL-40 BRAF 49.0 0.4868 0.4868 0.4866 0.5134 0.5134 0.49379999999999996 0.0 0.0 0.0 0.49779999999999996 0.0 0.0 0.0
39 CW-2 p53 49.5 0.5024 0.5024 0.0 1.0 1.0 0.4952000000000001 0.271181 1.0 1.0 0.5042 0.0 0.0 0.0
40 CL-40 PI3K 49.0 0.5072 0.5072 0.9999999999999999 0.0 0.0 0.49360000000000004 0.0 0.0 0.0 0.48760000000000003 0.0 0.0 0.0
41 MDST8 Zero 49.0 0.49600000000000005 0.49600000000000005 0.7472 0.25279999999999997 0.25279999999999997 0.49960000000000004 0.0 0.0 0.0 0.507 0.507 0.507 0.0
40 CL-40 p53 49.0 0.4996 0.4996 0.4925999999999999 0.5074 0.5074 0.5005999999999999 0.0 0.0 0.0 0.48460000000000003 0.0 0.0 0.0
42 G-361 Zero 49.0 0.4924 0.4924 0.7519999999999999 0.248 0.248 0.5087999999999999 0.0 0.0 0.0 0.5035999999999999 0.5035999999999999 0.5035999999999999 0.0
41 MDST8 BRAF 49.0 0.49980100000000005 0.49980100000000005 0.6330329999999997 0.3680540000000001 0.36635900000000005 0.505403 0.269277 0.269031 0.15003899999999995 0.500602 0.500602 0.500602 0.0
41 MDST8 PI3K 49.0 0.505 0.505 0.9999999999999999 0.0 0.0 0.5094 0.0 0.0 0.0 0.5034 0.5034 0.5034 0.0
42 G-361 BRAF 49.0 0.503399 0.503399 0.6267510000000002 0.369447 0.37066399999999994 0.501198 0.27679100000000006 0.2775890000000001 0.15551600000000002 0.49459899999999996 0.49459899999999996 0.49459899999999996 0.0
41 MDST8 p53 49.0 0.5115999999999999 0.5115999999999999 0.5067999999999999 0.49319999999999997 0.49319999999999997 0.49459999999999993 0.0 0.0 0.0 0.502 0.0 0.0 0.0
42 G-361 PI3K 49.0 0.5026 0.5026 0.9999999999999999 0.0 0.0 0.4932 0.0 0.0 0.0 0.5094000000000001 0.5094000000000001 0.5094000000000001 0.0
43 MEL-HO Zero 49.0 0.4934 0.4934 0.754 0.246 0.246 0.49720000000000003 0.0 0.0 0.0 0.503 0.503 0.503 0.0
42 G-361 p53 49.0 0.49759999999999993 0.49759999999999993 0.4984 0.5016 0.5016 0.494 0.0 0.0 0.0 0.495 0.0 0.0 0.0
43 MEL-HO BRAF 49.0 0.5077969999999999 0.5077969999999999 0.6287860000000001 0.36982699999999996 0.3674830000000001 0.5121970000000001 0.2796290000000001 0.27820500000000004 0.14422500000000005 0.49659900000000007 0.49659900000000007 0.49659900000000007 0.0
44 CaR-1 Zero 49.0 0.5091999999999997 0.5091999999999997 0.26725599999999994 0.7276400000000003 0.7284069999999997 0.5085989999999998 0.266338 0.2728240000000001 0.14839599999999992 0.5088010000000001 0.0 0.0 0.0
43 MEL-HO PI3K 49.0 0.5026 0.5026 1.0 0.0 0.0 0.5034000000000001 0.0 0.0 0.0 0.493 0.493 0.493 0.0
43 MEL-HO p53 49.0 0.49839999999999995 0.49839999999999995 0.48 0.52 0.52 0.5008 0.0 0.0 0.0 0.5035999999999999 0.0 0.0 0.0
44 CaR-1 BRAF 49.0 0.4938000000000001 0.4938000000000001 0.262701 0.7396059999999999 0.7368949999999999 0.4953960000000003 0.2732240000000002 0.26856300000000016 0.16273199999999996 0.5015929999999998 0.0 0.0 0.0
45 451Lu Zero 49.0 0.49399999999999994 0.49399999999999994 0.5064 0.4936 0.4936 0.5138 0.0 0.0 0.0 0.509 0.0 0.0 0.0
44 CaR-1 PI3K 49.0 0.4996 0.4996 1.0000019999999998 0.0 0.0 0.498202 0.22625500000000004 0.22823700000000002 0.132107 0.48520100000000005 0.0 0.0 0.0
45 451Lu BRAF 49.0 0.5163999999999995 0.5163999999999995 0.25723099999999993 0.7422199999999998 0.7436499999999999 0.4943979999999997 0.2651720000000001 0.2653490000000001 0.16379600000000005 0.5063979999999997 0.0 0.0 0.0
45 451Lu PI3K 49.0 0.503 0.503 1.0 0.0 0.0 0.5112 0.0 0.0 0.0 0.5048 0.0 0.0 0.0
45 451Lu p53 49.0 0.5068 0.5068 0.4928 0.5072 0.5072 0.5034000000000001 0.0 0.0 0.0 0.5 0.0 0.0 0.0
44 CaR-1 p53 49.0 0.5015990000000001 0.5015990000000001 0.26653299999999985 0.730717 0.7317550000000002 0.5073979999999996 0.27388899999999977 0.27848799999999985 0.15551500000000007 0.5032000000000001 0.0 0.0 0.0
46 LS-411N Zero 49.0 0.5008 0.5008 0.7470000000000001 0.253 0.253 0.4918 0.0 0.0 0.0 0.5044 0.5044 0.5044 0.0
47 CL-34 Zero 49.0 0.49 0.49 0.7487999999999999 0.2512 0.2512 0.5158 0.0 0.0 0.0 0.49379999999999996 0.49379999999999996 0.49379999999999996 0.0
46 LS-411N BRAF 49.0 0.5001979999999999 0.5001979999999999 0.6320459999999998 0.3695 0.36597099999999994 0.5045989999999998 0.275206 0.27587999999999985 0.15850000000000003 0.497801 0.497801 0.497801 0.0
47 CL-34 BRAF 49.0 0.5072020000000002 0.5072020000000002 0.6154119999999997 0.3835070000000001 0.38127399999999995 0.4980029999999998 0.27365100000000003 0.2732529999999999 0.15798300000000004 0.48879899999999993 0.48879899999999993 0.48879899999999993 0.0
47 CL-34 PI3K 49.0 0.5069999999999999 0.5069999999999999 1.0 0.0 0.0 0.506 0.0 0.0 0.0 0.5038 0.5038 0.5038 0.0
46 LS-411N PI3K 49.0 0.49979999999999997 0.49979999999999997 1.0 0.0 0.0 0.5075999999999999 0.0 0.0 0.0 0.4848 0.4848 0.4848 0.0
46 LS-411N p53 49.0 0.5028 0.5028 0.5138 0.4862000000000001 0.4862000000000001 0.4988 0.0 0.0 0.0 0.496 0.0 0.0 0.0
47 CL-34 p53 49.0 0.5005999999999999 0.5005999999999999 0.49499999999999994 0.505 0.505 0.5012 0.0 0.0 0.0 0.49899999999999994 0.0 0.0 0.0
49 SW48 Zero 49.0 0.509 0.509 0.0 1.0 1.0 0.5074000000000001 0.0 0.0 1.0 0.5006 0.5006 0.0 0.0
48 LB373-MEL-D Zero 49.0 0.49340000000000006 0.49340000000000006 0.7475999999999999 0.2524 0.2524 0.4926 0.0 0.0 0.0 0.5 0.5 0.5 0.0
49 SW48 BRAF 49.0 0.49339999999999995 0.49339999999999995 0.0 1.0 1.0 0.49920000000000003 0.0 0.0 1.0 0.491 0.491 0.0 0.0
48 LB373-MEL-D BRAF 49.0 0.5096 0.5096 0.7542 0.24579999999999996 0.24579999999999996 0.5082 0.0 0.0 0.0 0.502 0.502 0.502 0.0
49 SW48 PI3K 49.0 0.48940000000000006 0.48940000000000006 1.0 0.0 0.0 0.4997999999999999 0.0 0.0 1.0 0.4976 0.4976 0.4976 0.0
48 LB373-MEL-D PI3K 49.0 0.5102 0.5102 1.0 0.0 0.0 0.5038 0.0 0.0 0.0 0.5102 0.5102 0.5102 0.0
49 SW48 p53 49.0 0.4972 0.4972 0.0 0.9999999999999999 0.9999999999999999 0.4914 0.0 0.0 0.9999999999999999 0.5006 0.0 0.0 0.0
48 LB373-MEL-D p53 49.0 0.491 0.491 0.5085999999999999 0.49139999999999995 0.49139999999999995 0.49739999999999995 0.0 0.0 0.0 0.49840000000000007 0.0 0.0 0.0
50 COLO-829 Zero 49.0 0.49279999999999996 0.49279999999999996 0.751 0.249 0.249 0.5007999999999999 0.0 0.0 0.0 0.5022 0.5022 0.5022 0.0
51 NCI-H747 Zero 49.0 0.5075999999999999 0.5075999999999999 0.5012 0.4988 0.4988 0.5065999999999999 0.0 0.0 0.0 0.4937999999999999 0.0 0.0 0.0
51 NCI-H747 BRAF 49.0 0.5048 0.5048 0.49999999999999994 0.5 0.5 0.5024 0.0 0.0 0.0 0.5072 0.0 0.0 0.0
50 COLO-829 BRAF 49.0 0.502202 0.502202 0.6211640000000003 0.38199400000000006 0.38038599999999995 0.5034039999999999 0.275056 0.2724219999999999 0.15580100000000008 0.488001 0.488001 0.488001 0.0
51 NCI-H747 PI3K 49.0 0.49460000000000004 0.49460000000000004 1.0 0.0 0.0 0.496 0.0 0.0 0.0 0.49479999999999996 0.0 0.0 0.0
50 COLO-829 PI3K 49.0 0.5007999999999999 0.5007999999999999 0.9999999999999999 0.0 0.0 0.5024 0.0 0.0 0.0 0.4938 0.4938 0.4938 0.0
51 NCI-H747 p53 49.0 0.4974 0.4974 0.5105999999999999 0.48940000000000006 0.48940000000000006 0.5055999999999999 0.0 0.0 0.0 0.49660000000000004 0.0 0.0 0.0
50 COLO-829 p53 49.0 0.4942 0.4942 0.5016 0.4983999999999999 0.4983999999999999 0.4964 0.0 0.0 0.0 0.49019999999999997 0.0 0.0 0.0
52 IGR-37 Zero 49.0 0.4918 0.4918 0.7398 0.2602 0.2602 0.5014000000000001 0.0 0.0 0.0 0.48919999999999997 0.48919999999999997 0.48919999999999997 0.0
53 MEL-JUSO Zero 49.0 0.493 0.493 0.7549999999999999 0.24500000000000002 0.24500000000000002 0.49019999999999997 0.0 0.0 0.0 0.5012 0.5012 0.5012 0.0
52 IGR-37 BRAF 49.0 0.4938030000000001 0.4938030000000001 0.6351739999999999 0.373751 0.36931099999999994 0.4946029999999999 0.26488700000000004 0.263122 0.152958 0.499799 0.499799 0.499799 0.0
53 MEL-JUSO BRAF 49.0 0.5206 0.5206 0.7430000000000001 0.257 0.257 0.5078 0.0 0.0 0.0 0.498 0.498 0.498 0.0
52 IGR-37 PI3K 49.0 0.499 0.499 0.9999999999999999 0.0 0.0 0.5097999999999999 0.0 0.0 0.0 0.513 0.513 0.513 0.0
53 MEL-JUSO PI3K 49.0 0.4982 0.4982 1.0 0.0 0.0 0.49339999999999995 0.0 0.0 0.0 0.4906 0.4906 0.4906 0.0
52 IGR-37 p53 49.0 0.5028 0.5028 0.5114 0.4886 0.4886 0.5006 0.0 0.0 0.0 0.504 0.0 0.0 0.0
53 MEL-JUSO p53 49.0 0.5114000000000001 0.5114000000000001 0.4982 0.5018 0.5018 0.5074000000000001 0.0 0.0 0.0 0.4946 0.0 0.0 0.0
54 A101D Zero 49.0 0.5012 0.5012 0.7584 0.2416 0.2416 0.5111999999999999 0.0 0.0 0.0 0.5112 0.5112 0.5112 0.0
55 SK-MEL-24 Zero 49.0 0.5046 0.5046 0.7456000000000002 0.2544 0.2544 0.503 0.0 0.0 0.0 0.5006 0.5006 0.5006 0.0
54 A101D BRAF 49.0 0.4941979999999998 0.4941979999999998 0.642394 0.35992899999999994 0.3564669999999998 0.49539900000000003 0.2672179999999999 0.26920099999999997 0.1548740000000001 0.5084 0.5084 0.5084 0.0
55 SK-MEL-24 BRAF 49.0 0.4972009999999999 0.4972009999999999 0.6295969999999997 0.37306399999999984 0.37309299999999984 0.4913999999999997 0.2734189999999999 0.272834 0.16536000000000006 0.504199 0.504199 0.504199 0.0
54 A101D PI3K 49.0 0.5176000000000001 0.5176000000000001 1.0 0.0 0.0 0.49760000000000004 0.0 0.0 0.0 0.4974 0.4974 0.4974 0.0
55 SK-MEL-24 PI3K 49.0 0.4974 0.4974 1.0 0.0 0.0 0.5027999999999999 0.0 0.0 0.0 0.5044 0.5044 0.5044 0.0
54 A101D p53 49.0 0.49039999999999995 0.49039999999999995 0.49859999999999993 0.5014000000000001 0.5014000000000001 0.5044 0.0 0.0 0.0 0.4968 0.0 0.0 0.0
55 SK-MEL-24 p53 49.0 0.4928 0.4928 0.49739999999999995 0.5025999999999999 0.5025999999999999 0.4846 0.0 0.0 0.0 0.4989999999999999 0.0 0.0 0.0
56 CL-11 Zero 49.0 0.49839999999999995 0.49839999999999995 0.7454 0.2546 0.2546 0.4982 0.0 0.0 0.0 0.49959999999999993 0.49959999999999993 0.49959999999999993 0.0
57 HCC2998 Zero 49.0 0.4974 0.4974 0.5092000000000001 1.0 0.4908 0.5034000000000001 0.0 0.0 0.0 0.4918 0.4918 0.2544 0.0
57 HCC2998 BRAF 49.0 0.504 0.504 0.49339999999999995 1.0 0.5065999999999999 0.494 0.0 0.0 0.0 0.5072 0.5072 0.25239999999999996 0.0
56 CL-11 BRAF 49.0 0.49540000000000006 0.49540000000000006 0.7484000000000001 0.2516 0.2516 0.4966 0.0 0.0 0.0 0.4924 0.4924 0.4924 0.0
57 HCC2998 PI3K 49.0 0.49960000000000004 0.49960000000000004 1.0 1.0 0.0 0.5016 0.0 0.0 0.0 0.4948 0.4948 0.4948 0.0
56 CL-11 PI3K 49.0 0.5054 0.5054 1.0 0.0 0.0 0.49639999999999995 0.0 0.0 0.0 0.5022 0.5022 0.5022 0.0
57 HCC2998 p53 49.0 0.5094 0.5094 0.5002 1.0 0.49979999999999997 0.4964 0.0 0.0 0.0 0.506 0.0 0.0 0.0
56 CL-11 p53 49.0 0.5032 0.5032 0.49400000000000005 0.506 0.506 0.5024000000000001 0.0 0.0 0.0 0.497 0.0 0.0 0.0
58 SW1417 Zero 49.0 0.489 0.489 0.7489999999999999 0.251 0.251 0.5015999999999999 0.0 0.0 0.0 0.5074000000000001 0.5074000000000001 0.5074000000000001 0.0
59 Hs-939-T Zero 49.0 0.5102 0.5102 0.7585999999999999 0.2414 0.2414 0.48740000000000006 0.0 0.0 0.0 0.5088 0.5088 0.5088 0.0
58 SW1417 BRAF 49.0 0.498601 0.498601 0.6258550000000003 0.3731300000000001 0.37277599999999994 0.500601 0.27385400000000004 0.2760620000000001 0.162716 0.5051990000000001 0.5051990000000001 0.5051990000000001 0.0
59 Hs-939-T BRAF 49.0 0.496998 0.496998 0.628279 0.3724629999999999 0.37037699999999996 0.5021979999999999 0.278453 0.27891299999999997 0.15777999999999992 0.495798 0.495798 0.495798 0.0
58 SW1417 PI3K 49.0 0.5049999999999999 0.5049999999999999 1.0 0.0 0.0 0.5044 0.0 0.0 0.0 0.497 0.497 0.497 0.0
59 Hs-939-T PI3K 49.0 0.4876 0.4876 1.0 0.0 0.0 0.493 0.0 0.0 0.0 0.49620000000000003 0.49620000000000003 0.49620000000000003 0.0
58 SW1417 p53 49.0 0.5 0.5 0.4988 0.5012 0.5012 0.5098 0.0 0.0 0.0 0.49960000000000004 0.0 0.0 0.0
59 Hs-939-T p53 49.0 0.4885999999999999 0.4885999999999999 0.505 0.495 0.495 0.4996 0.0 0.0 0.0 0.4984 0.0 0.0 0.0
60 MMAc-SF Zero 49.0 0.4996 0.4996 0.748 0.252 0.252 0.492 0.0 0.0 0.0 0.49 0.49 0.49 0.0
61 SW620 Zero 49.0 0.5042 0.5042 0.5172000000000001 0.4828 0.4828 0.506 0.0 0.0 0.0 0.5048 0.0 0.0 0.0
61 SW620 BRAF 49.0 0.49760000000000004 0.49760000000000004 0.5012 0.4987999999999999 0.4987999999999999 0.4988 0.0 0.0 0.0 0.4988 0.0 0.0 0.0
61 SW620 PI3K 49.0 0.4958 0.4958 1.0 0.0 0.0 0.5062 0.0 0.0 0.0 0.498 0.0 0.0 0.0
60 MMAc-SF BRAF 49.0 0.49959800000000004 0.49959800000000004 0.6312000000000002 0.366451 0.369515 0.5165979999999998 0.279447 0.281318 0.14498099999999997 0.494999 0.494999 0.494999 0.0
61 SW620 p53 49.0 0.49959999999999993 0.49959999999999993 0.4964 0.5035999999999999 0.5035999999999999 0.48679999999999995 0.0 0.0 0.0 0.5052 0.0 0.0 0.0
60 MMAc-SF PI3K 49.0 0.5085999999999999 0.5085999999999999 1.0 0.0 0.0 0.496 0.0 0.0 0.0 0.5065999999999999 0.5065999999999999 0.5065999999999999 0.0
60 MMAc-SF p53 49.0 0.507 0.507 0.48879999999999996 0.5112 0.5112 0.5084 0.0 0.0 0.0 0.4856 0.0 0.0 0.0
62 IPC-298 Zero 49.0 0.5194000000000001 0.5194000000000001 0.7522000000000002 0.2478 0.2478 0.515 0.0 0.0 0.0 0.5107999999999999 0.5107999999999999 0.5107999999999999 0.0
62 IPC-298 BRAF 49.0 0.5084000000000001 0.5084000000000001 0.754 0.24599999999999997 0.24599999999999997 0.49479999999999996 0.0 0.0 0.0 0.5094 0.5094 0.5094 0.0
63 IGR-1 Zero 49.0 0.49960000000000004 0.49960000000000004 0.7326 0.26739999999999997 0.26739999999999997 0.5105999999999999 0.0 0.0 0.0 0.488 0.488 0.488 0.0
62 IPC-298 PI3K 49.0 0.5026 0.5026 1.0 0.0 0.0 0.4986 0.0 0.0 0.0 0.493 0.493 0.493 0.0
62 IPC-298 p53 49.0 0.5018 0.5018 0.48119999999999996 0.5187999999999999 0.5187999999999999 0.5017999999999999 0.0 0.0 0.0 0.49839999999999995 0.0 0.0 0.0
63 IGR-1 BRAF 49.0 0.4966020000000001 0.4966020000000001 0.6299520000000002 0.36917400000000017 0.3692680000000001 0.5154030000000001 0.2825039999999998 0.2829109999999999 0.154091 0.4968009999999999 0.4968009999999999 0.4968009999999999 0.0
63 IGR-1 PI3K 49.0 0.5056 0.5056 0.9999999999999999 0.0 0.0 0.5038 0.0 0.0 0.0 0.49920000000000003 0.49920000000000003 0.49920000000000003 0.0
64 WM-115 Zero 49.0 0.4976 0.4976 0.7557999999999999 0.24419999999999997 0.24419999999999997 0.4982 0.0 0.0 0.0 0.5098 0.5098 0.5098 0.0
63 IGR-1 p53 49.0 0.4942 0.4942 0.49420000000000003 0.5058 0.5058 0.5057999999999999 0.0 0.0 0.0 0.5068 0.0 0.0 0.0
64 WM-115 BRAF 49.0 0.4979969999999999 0.4979969999999999 0.6348060000000002 0.3658759999999998 0.3666219999999999 0.5057979999999997 0.2732829999999999 0.27689699999999995 0.14966199999999996 0.500599 0.500599 0.500599 0.0
65 SW1116 Zero 49.0 0.4994 0.4994 0.7514000000000001 0.24860000000000002 0.24860000000000002 0.49520000000000003 0.0 0.0 0.0 0.4994 0.4994 0.4994 0.0
64 WM-115 PI3K 49.0 0.4902 0.4902 1.0 0.0 0.0 0.5112 0.0 0.0 0.0 0.5054000000000001 0.5054000000000001 0.5054000000000001 0.0
65 SW1116 BRAF 49.0 0.48739999999999994 0.48739999999999994 0.744 0.256 0.256 0.5028 0.0 0.0 0.0 0.4808 0.4808 0.4808 0.0
64 WM-115 p53 49.0 0.5042 0.5042 0.49879999999999997 0.5012 0.5012 0.49720000000000003 0.0 0.0 0.0 0.49760000000000004 0.0 0.0 0.0
65 SW1116 PI3K 49.0 0.4982 0.4982 1.0 0.0 0.0 0.48519999999999996 0.0 0.0 0.0 0.4974 0.4974 0.4974 0.0
65 SW1116 p53 49.0 0.5124 0.5124 0.4884 0.5115999999999999 0.5115999999999999 0.5084 0.0 0.0 0.0 0.49939999999999996 0.0 0.0 0.0
66 HT-144 Zero 49.0 0.49219999999999997 0.49219999999999997 0.7402 0.2598 0.2598 0.5012 0.0 0.0 0.0 0.48840000000000006 0.48840000000000006 0.48840000000000006 0.0
67 C2BBe1 Zero 49.0 0.49520299999999995 0.49520299999999995 0.6273659999999995 0.3717710000000001 0.3742540000000001 0.5073999999999997 0.254923 0.255149 0.1418280000000001 0.505799 0.505799 0.505799 0.0
66 HT-144 BRAF 49.0 0.493199 0.493199 0.6227829999999999 0.3789319999999999 0.378053 0.5141969999999999 0.2801079999999999 0.27382399999999996 0.154029 0.489398 0.489398 0.489398 0.0
66 HT-144 PI3K 49.0 0.4948 0.4948 0.9999999999999999 0.0 0.0 0.499 0.0 0.0 0.0 0.4934 0.4934 0.4934 0.0
66 HT-144 p53 49.0 0.5062000000000001 0.5062000000000001 0.5118 0.4882 0.4882 0.4862 0.0 0.0 0.0 0.5004000000000001 0.0 0.0 0.0
67 C2BBe1 BRAF 49.0 0.4972000000000001 0.4972000000000001 0.62551 0.371453 0.371841 0.500203 0.277394 0.274549 0.16291899999999995 0.49939799999999995 0.49939799999999995 0.49939799999999995 0.0
67 C2BBe1 PI3K 49.0 0.507401 0.507401 1.0 0.0 0.0 0.4956 0.22807 0.22753800000000002 0.135282 0.49560100000000007 0.49560100000000007 0.49560100000000007 0.0
68 COLO-320-HSR Zero 49.0 0.5014029999999998 0.5014029999999998 0.27573099999999984 0.7234939999999997 0.7244299999999999 0.5001979999999996 0.26625799999999994 0.26609599999999983 0.14545100000000005 0.49419799999999975 0.0 0.0 0.0
67 C2BBe1 p53 49.0 0.5125990000000001 0.5125990000000001 0.2749379999999999 0.7186260000000004 0.7223130000000002 0.4775979999999999 0.25326200000000004 0.24901800000000004 0.14463200000000004 0.49720099999999995 0.0 0.0 0.0
68 COLO-320-HSR BRAF 49.0 0.49239999999999995 0.49239999999999995 0.27499000000000007 0.7314069999999998 0.7293559999999999 0.4939999999999999 0.27719600000000005 0.27529699999999996 0.15351500000000004 0.49039900000000014 0.0 0.0 0.0
69 COLO-678 Zero 49.0 0.5038 0.5038 0.7464 0.2536 0.2536 0.49 0.0 0.0 0.0 0.5054 0.5054 0.5054 0.0
69 COLO-678 BRAF 49.0 0.501 0.501 0.75 0.25 0.25 0.488 0.0 0.0 0.0 0.5004000000000001 0.5004000000000001 0.5004000000000001 0.0
68 COLO-320-HSR PI3K 49.0 0.5070009999999999 0.5070009999999999 1.0000019999999998 0.0 0.0 0.4874020000000001 0.22522199999999998 0.21933399999999997 0.128459 0.4958010000000001 0.0 0.0 0.0
69 COLO-678 PI3K 49.0 0.5066 0.5066 0.9999999999999999 0.0 0.0 0.49579999999999996 0.0 0.0 0.0 0.5072 0.5072 0.5072 0.0
69 COLO-678 p53 49.0 0.5048 0.5048 0.5024 0.4976 0.4976 0.5005999999999999 0.0 0.0 0.0 0.5078 0.0 0.0 0.0
68 COLO-320-HSR p53 49.0 0.500798 0.500798 0.269617 0.7283620000000001 0.730915 0.49639899999999987 0.2656070000000001 0.265049 0.14305300000000004 0.5000009999999997 0.0 0.0 0.0
70 SK-MEL-3 Zero 49.0 0.5054 0.5054 0.7492000000000001 0.2508 0.2508 0.5096 0.0 0.0 0.0 0.5084 0.5084 0.5084 0.0
71 SK-CO-1 Zero 49.0 0.5142 0.5142 0.7504000000000001 0.2496 0.2496 0.5034 0.0 0.0 0.0 0.49260000000000004 0.49260000000000004 0.49260000000000004 0.0
71 SK-CO-1 BRAF 49.0 0.5052 0.5052 0.7582 0.24180000000000001 0.24180000000000001 0.49179999999999996 0.0 0.0 0.0 0.5069999999999999 0.5069999999999999 0.5069999999999999 0.0
70 SK-MEL-3 BRAF 49.0 0.5028020000000001 0.5028020000000001 0.641078 0.36457400000000006 0.362475 0.5011999999999999 0.27335700000000007 0.2669710000000001 0.15529500000000002 0.5132000000000001 0.5132000000000001 0.5132000000000001 0.0
71 SK-CO-1 PI3K 49.0 0.49860000000000004 0.49860000000000004 1.0 0.0 0.0 0.4998 0.0 0.0 0.0 0.5105999999999999 0.5105999999999999 0.5105999999999999 0.0
70 SK-MEL-3 PI3K 49.0 0.4936 0.4936 1.0 0.0 0.0 0.4966 0.0 0.0 0.0 0.5008 0.5008 0.5008 0.0
71 SK-CO-1 p53 49.0 0.48939999999999995 0.48939999999999995 0.5118 0.4882 0.4882 0.5118 0.0 0.0 0.0 0.49099999999999994 0.0 0.0 0.0
70 SK-MEL-3 p53 49.0 0.49079999999999996 0.49079999999999996 0.504 0.496 0.496 0.5042 0.0 0.0 0.0 0.5042 0.0 0.0 0.0
73 UACC-257 Zero 49.0 0.4932 0.4932 0.7458 0.2542 0.2542 0.5106 0.0 0.0 0.0 0.5 0.5 0.5 0.0
72 SNU-175 Zero 49.0 0.49120000000000014 0.49120000000000014 0.6229949999999999 0.3754579999999999 0.376815 0.510798 0.25574199999999997 0.2554520000000001 0.13929300000000006 0.48519999999999996 0.48519999999999996 0.48519999999999996 0.0
73 UACC-257 BRAF 49.0 0.510601 0.510601 0.6301239999999999 0.36757199999999995 0.3694349999999999 0.49700099999999997 0.27185699999999996 0.273269 0.15209500000000006 0.504001 0.504001 0.504001 0.0
73 UACC-257 PI3K 49.0 0.4962 0.4962 1.0 0.0 0.0 0.5132 0.0 0.0 0.0 0.4934 0.4934 0.4934 0.0
72 SNU-175 BRAF 49.0 0.4896010000000001 0.4896010000000001 0.6248269999999998 0.37557300000000005 0.374023 0.5108009999999996 0.2784750000000002 0.2771950000000001 0.15131 0.501401 0.501401 0.501401 0.0
73 UACC-257 p53 49.0 0.48919999999999997 0.48919999999999997 0.4992 0.5008 0.5008 0.5027999999999999 0.0 0.0 0.0 0.48479999999999995 0.0 0.0 0.0
74 MZ7-mel Zero 49.0 0.506 0.506 0.7642 0.2358 0.2358 0.5242 0.0 0.0 0.0 0.5142 0.5142 0.5142 0.0
72 SNU-175 PI3K 49.0 0.49419900000000005 0.49419900000000005 0.999998 0.0 0.0 0.494398 0.22782900000000003 0.224737 0.139009 0.49260000000000004 0.49260000000000004 0.49260000000000004 0.0
74 MZ7-mel BRAF 49.0 0.4955999999999998 0.4955999999999998 0.6210670000000001 0.3759130000000001 0.3749990000000001 0.49379799999999985 0.2749999999999999 0.27860399999999996 0.15272199999999997 0.49159999999999987 0.49159999999999987 0.49159999999999987 0.0
72 SNU-175 p53 49.0 0.4978 0.4978 0.2681399999999999 0.7382979999999996 0.7324459999999996 0.49220300000000006 0.2667840000000001 0.26942400000000005 0.15421199999999996 0.4904010000000001 0.0 0.0 0.0
74 MZ7-mel PI3K 49.0 0.49539999999999995 0.49539999999999995 0.9999999999999999 0.0 0.0 0.5129999999999999 0.0 0.0 0.0 0.5045999999999999 0.5045999999999999 0.5045999999999999 0.0
75 Hs-940-T Zero 49.0 0.5028 0.5028 0.7502000000000001 0.24980000000000002 0.24980000000000002 0.502 0.0 0.0 0.0 0.5008 0.5008 0.5008 0.0
74 MZ7-mel p53 49.0 0.502 0.502 0.49899999999999994 0.501 0.501 0.5126 0.0 0.0 0.0 0.49959999999999993 0.0 0.0 0.0
75 Hs-940-T BRAF 49.0 0.5008 0.5008 0.7438 0.2562 0.2562 0.5064 0.0 0.0 0.0 0.5012000000000001 0.5012000000000001 0.5012000000000001 0.0
75 Hs-940-T PI3K 49.0 0.5056 0.5056 1.0 0.0 0.0 0.5006 0.0 0.0 0.0 0.4944 0.4944 0.4944 0.0
76 Mewo Zero 49.0 0.5039989999999999 0.5039989999999999 0.6251379999999996 0.3735569999999998 0.3746339999999998 0.5100009999999996 0.2613 0.2621289999999999 0.14053700000000002 0.4939989999999999 0.4939989999999999 0.4939989999999999 0.0
75 Hs-940-T p53 49.0 0.5087999999999999 0.5087999999999999 0.5095999999999999 0.4904 0.4904 0.49079999999999996 0.0 0.0 0.0 0.5024000000000001 0.0 0.0 0.0
77 COLO-205 Zero 49.0 0.4952 0.4952 0.7516 0.2484 0.2484 0.4916 0.0 0.0 0.0 0.5024 0.5024 0.5024 0.0
76 Mewo BRAF 49.0 0.48960199999999987 0.48960199999999987 0.6246409999999999 0.376493 0.377444 0.5026019999999997 0.27892899999999987 0.27771999999999997 0.15826600000000002 0.4981999999999999 0.4981999999999999 0.4981999999999999 0.0
77 COLO-205 BRAF 49.0 0.4860009999999999 0.4860009999999999 0.616916 0.3814509999999997 0.3842869999999999 0.49699799999999994 0.26426599999999995 0.26910599999999996 0.1648620000000001 0.48780000000000007 0.48780000000000007 0.48780000000000007 0.0
76 Mewo PI3K 49.0 0.4914 0.4914 1.000001 0.0 0.0 0.5034009999999999 0.240518 0.23342600000000002 0.13745500000000005 0.4978009999999999 0.4978009999999999 0.4978009999999999 0.0
77 COLO-205 PI3K 49.0 0.497 0.497 1.0 0.0 0.0 0.48979999999999996 0.0 0.0 0.0 0.49219999999999997 0.49219999999999997 0.49219999999999997 0.0
77 COLO-205 p53 49.0 0.49879999999999997 0.49879999999999997 0.5055999999999999 0.4944 0.4944 0.4926 0.0 0.0 0.0 0.49899999999999994 0.0 0.0 0.0
78 GAK Zero 49.0 0.5014000000000001 0.5014000000000001 0.7524 0.2476 0.2476 0.5022 0.0 0.0 0.0 0.5006 0.5006 0.5006 0.0
76 Mewo p53 49.0 0.5043969999999999 0.5043969999999999 0.278941 0.7136949999999997 0.7154210000000003 0.48659699999999984 0.25855400000000006 0.26452599999999993 0.14724700000000002 0.4971979999999998 0.0 0.0 0.0
78 GAK BRAF 49.0 0.4852000000000001 0.4852000000000001 0.7454000000000001 0.2546 0.2546 0.4898 0.0 0.0 0.0 0.4992 0.4992 0.4992 0.0
79 SH-4 Zero 49.0 0.5092 0.5092 0.7469999999999999 0.253 0.253 0.4982 0.0 0.0 0.0 0.4872 0.4872 0.4872 0.0
78 GAK PI3K 49.0 0.4984 0.4984 1.0000000000000002 0.0 0.0 0.49179999999999996 0.0 0.0 0.0 0.5107999999999999 0.5107999999999999 0.5107999999999999 0.0
78 GAK p53 49.0 0.507 0.507 0.49620000000000003 0.5038 0.5038 0.49319999999999997 0.0 0.0 0.0 0.5035999999999999 0.0 0.0 0.0
79 SH-4 BRAF 49.0 0.510401 0.510401 0.634066 0.36116200000000015 0.3619080000000001 0.5003970000000001 0.2747050000000001 0.27679699999999996 0.154453 0.509999 0.509999 0.509999 0.0
80 HCT-15 Zero 49.0 0.49760000000000004 0.49760000000000004 0.0 1.0 1.0 0.488 0.0 0.0 0.0 0.49860000000000004 0.0 0.0 0.0
79 SH-4 PI3K 49.0 0.48860000000000003 0.48860000000000003 1.0 0.0 0.0 0.505 0.0 0.0 0.0 0.5004 0.5004 0.5004 0.0
80 HCT-15 BRAF 49.0 0.5072000000000001 0.5072000000000001 0.0 1.0 1.0 0.5044 0.0 0.0 0.0 0.5174 0.0 0.0 0.0
79 SH-4 p53 49.0 0.5056 0.5056 0.49899999999999994 0.501 0.501 0.5146000000000001 0.0 0.0 0.0 0.514 0.0 0.0 0.0
80 HCT-15 PI3K 49.0 0.5105999999999999 0.5105999999999999 1.0 0.0 0.0 0.4972 0.0 0.0 0.0 0.48460000000000003 0.0 0.0 0.0
80 HCT-15 p53 49.0 0.5004000000000001 0.5004000000000001 0.0 1.0 1.0 0.4958 0.0 0.0 0.0 0.5174 0.0 0.0 0.0
81 SNU-C2B Zero 49.0 0.49699999999999994 0.49699999999999994 0.5039999999999999 0.496 0.496 0.49939999999999996 0.0 0.0 1.0 0.5072 0.0 0.0 0.0
81 SNU-C2B BRAF 49.0 0.5087999999999999 0.5087999999999999 0.5187999999999999 0.48119999999999996 0.48119999999999996 0.4957999999999999 0.0 0.0 1.0 0.5017999999999999 0.0 0.0 0.0
82 K2 Zero 49.0 0.5024000000000001 0.5024000000000001 0.758 0.24200000000000002 0.24200000000000002 0.497 0.0 0.0 0.0 0.5014 0.5014 0.5014 0.0
81 SNU-C2B PI3K 49.0 0.5005999999999999 0.5005999999999999 1.0 0.0 0.0 0.4894 0.0 0.0 1.0 0.5024000000000001 0.0 0.0 0.0
81 SNU-C2B p53 49.0 0.498 0.498 0.499 0.501 0.501 0.5016 0.0 0.0 1.0000000000000002 0.4986 0.0 0.0 0.0
82 K2 BRAF 49.0 0.493798 0.493798 0.612565 0.3865279999999998 0.3851009999999999 0.5065979999999998 0.2708249999999998 0.2698509999999999 0.151035 0.48479900000000015 0.48479900000000015 0.48479900000000015 0.0
83 HCT-116 Zero 49.0 0.5034 0.5034 0.0 1.0 1.0 0.49839999999999995 0.0 0.0 0.0 0.5136 0.5136 0.0 0.0
82 K2 PI3K 49.0 0.4864 0.4864 1.0 0.0 0.0 0.5044 0.0 0.0 0.0 0.5034 0.5034 0.5034 0.0
83 HCT-116 BRAF 49.0 0.496 0.496 0.0 0.9999999999999999 0.9999999999999999 0.5022 0.0 0.0 0.0 0.5042 0.5042 0.0 0.0
82 K2 p53 49.0 0.499 0.499 0.4878 0.5122 0.5122 0.504 0.0 0.0 0.0 0.5066 0.0 0.0 0.0
83 HCT-116 PI3K 49.0 0.502 0.502 1.0 0.0 0.0 0.496 0.0 0.0 0.0 0.5054000000000001 0.5054000000000001 0.5054000000000001 0.0
83 HCT-116 p53 49.0 0.4958 0.4958 0.0 1.0 1.0 0.5005999999999999 0.0 0.0 0.0 0.48939999999999995 0.0 0.0 0.0
84 WM1552C Zero 49.0 0.5077999999999999 0.5077999999999999 0.5004 0.49960000000000004 0.49960000000000004 0.4982 0.0 0.0 0.0 0.5016 0.0 0.0 0.0
85 LS-123 Zero 49.0 0.5044 0.5044 0.5025999999999999 0.4974 0.4974 0.49939999999999996 0.0 0.0 0.0 0.508 0.0 0.0 0.0
85 LS-123 BRAF 49.0 0.5082 0.5082 0.5066 0.4934 0.4934 0.5046 0.0 0.0 0.0 0.498 0.0 0.0 0.0
84 WM1552C BRAF 49.0 0.5010009999999998 0.5010009999999998 0.2579189999999999 0.7439319999999999 0.7391199999999999 0.5080039999999998 0.27161799999999997 0.27583499999999994 0.15167800000000012 0.5032019999999999 0.0 0.0 0.0
85 LS-123 PI3K 49.0 0.499 0.499 1.0 0.0 0.0 0.5045999999999999 0.0 0.0 0.0 0.5134 0.0 0.0 0.0
84 WM1552C PI3K 49.0 0.4924 0.4924 1.0 0.0 0.0 0.5058 0.0 0.0 0.0 0.4998 0.0 0.0 0.0
85 LS-123 p53 49.0 0.5005999999999999 0.5005999999999999 0.4916 0.5084 0.5084 0.49279999999999996 0.0 0.0 0.0 0.512 0.0 0.0 0.0
84 WM1552C p53 49.0 0.49839999999999995 0.49839999999999995 0.5044 0.4956 0.4956 0.5054 0.0 0.0 0.0 0.48939999999999995 0.0 0.0 0.0
86 SNU-81 Zero 49.0 0.4898 0.4898 0.5004 0.49959999999999993 0.49959999999999993 0.5022 0.0 0.0 0.0 0.5066 0.5066 0.2532 0.0
87 WM35 Zero 49.0 0.5028 0.5028 0.7426000000000001 0.25739999999999996 0.25739999999999996 0.514 0.0 0.0 0.0 0.49620000000000003 0.49620000000000003 0.49620000000000003 0.0
86 SNU-81 BRAF 49.0 0.49839999999999995 0.49839999999999995 0.5025999999999999 0.4973999999999999 0.4973999999999999 0.48999999999999994 0.0 0.0 0.0 0.49099999999999994 0.49099999999999994 0.2454 0.0
86 SNU-81 PI3K 49.0 0.503 0.503 0.9999999999999999 0.0 0.0 0.49520000000000003 0.0 0.0 0.0 0.4898 0.4898 0.4898 0.0
87 WM35 BRAF 49.0 0.49259899999999995 0.49259899999999995 0.6256200000000001 0.374899 0.37553699999999995 0.509598 0.28051700000000007 0.28064300000000003 0.14549399999999996 0.4908 0.4908 0.4908 0.0
86 SNU-81 p53 49.0 0.5064 0.5064 0.5156000000000001 0.48439999999999994 0.48439999999999994 0.5042 0.0 0.0 0.0 0.4964 0.0 0.0 0.0
87 WM35 PI3K 49.0 0.5044 0.5044 0.9999999999999999 0.0 0.0 0.4992 0.0 0.0 0.0 0.49579999999999996 0.49579999999999996 0.49579999999999996 0.0
87 WM35 p53 49.0 0.49319999999999997 0.49319999999999997 0.5055999999999999 0.4944 0.4944 0.49479999999999996 0.0 0.0 0.0 0.4978 0.0 0.0 0.0
88 LS1034 Zero 49.0 0.49199999999999994 0.49199999999999994 0.49579999999999996 0.5042 0.5042 0.4878 0.0 0.0 0.0 0.5018 0.0 0.0 0.0
89 RCM-1 Zero 49.0 0.5006 0.5006 0.7384 0.2616 0.2616 0.5038 0.0 0.0 0.0 0.49239999999999995 0.49239999999999995 0.49239999999999995 0.0
88 LS1034 BRAF 49.0 0.49939999999999996 0.49939999999999996 0.5064 0.49360000000000004 0.49360000000000004 0.49920000000000003 0.0 0.0 0.0 0.503 0.0 0.0 0.0
88 LS1034 PI3K 49.0 0.48739999999999994 0.48739999999999994 1.0 0.0 0.0 0.4994 0.0 0.0 0.0 0.4976 0.0 0.0 0.0
89 RCM-1 BRAF 49.0 0.497 0.497 0.7487999999999999 0.2512 0.2512 0.5004 0.0 0.0 0.0 0.5068 0.5068 0.5068 0.0
88 LS1034 p53 49.0 0.4968 0.4968 0.5014 0.4986 0.4986 0.4898 0.0 0.0 0.0 0.5016 0.0 0.0 0.0
89 RCM-1 PI3K 49.0 0.5034 0.5034 1.0 0.0 0.0 0.5014 0.0 0.0 0.0 0.4852 0.4852 0.4852 0.0
89 RCM-1 p53 49.0 0.4956 0.4956 0.48540000000000005 0.5146 0.5146 0.49800000000000005 0.0 0.0 0.0 0.5008 0.0 0.0 0.0
90 SW1463 Zero 49.0 0.4882 0.4882 0.5004000000000001 0.49960000000000004 0.49960000000000004 0.4978 0.0 0.0 0.0 0.5062 0.0 0.0 0.0
90 SW1463 BRAF 49.0 0.5044 0.5044 0.4956 0.5044000000000001 0.5044000000000001 0.5004 0.0 0.0 0.0 0.5102 0.0 0.0 0.0
91 A375 Zero 49.0 0.513 0.513 0.7504000000000001 0.2496 0.2496 0.5016 0.0 0.0 0.0 0.4992 0.4992 0.4992 0.0
90 SW1463 PI3K 49.0 0.5008 0.5008 1.0 0.0 0.0 0.5034 0.0 0.0 0.0 0.4984 0.0 0.0 0.0
90 SW1463 p53 49.0 0.5104 0.5104 0.501 0.499 0.499 0.5012 0.0 0.0 0.0 0.5007999999999999 0.0 0.0 0.0
91 A375 BRAF 49.0 0.4929979999999998 0.4929979999999998 0.6197590000000002 0.3789490000000001 0.379639 0.49700099999999997 0.26290700000000006 0.26329500000000006 0.15066400000000002 0.4884009999999999 0.4884009999999999 0.4884009999999999 0.0
92 T84 Zero 49.0 0.4992 0.4992 0.0 1.0 1.0 0.4956 0.0 0.0 0.0 0.5096 0.5096 0.0 0.0
91 A375 PI3K 49.0 0.489 0.489 1.0 0.0 0.0 0.49479999999999996 0.0 0.0 0.0 0.5035999999999999 0.5035999999999999 0.5035999999999999 0.0
92 T84 BRAF 49.0 0.5024 0.5024 0.0 1.0 1.0 0.503 0.0 0.0 0.0 0.4952 0.4952 0.0 0.0
91 A375 p53 49.0 0.5026 0.5026 0.4934 0.5065999999999999 0.5065999999999999 0.5032000000000001 0.0 0.0 0.0 0.5054000000000001 0.0 0.0 0.0
92 T84 PI3K 49.0 0.49620000000000003 0.49620000000000003 0.9999999999999999 0.0 0.0 0.5096 0.0 0.0 0.0 0.5042 0.5042 0.5042 0.0
93 LB2518-MEL Zero 49.0 0.49899999999999994 0.49899999999999994 0.7465999999999999 0.2534 0.2534 0.5012000000000001 0.0 0.0 0.0 0.4875999999999999 0.4875999999999999 0.4875999999999999 0.0
92 T84 p53 49.0 0.5002 0.5002 0.0 1.0 1.0 0.5066 0.0 0.0 0.0 0.5044 0.0 0.0 0.0
93 LB2518-MEL BRAF 49.0 0.4944 0.4944 0.7588 0.24119999999999997 0.24119999999999997 0.494 0.0 0.0 0.0 0.501 0.501 0.501 0.0
94 M14 Zero 49.0 0.5018 0.5018 0.49139999999999995 0.5085999999999999 0.5085999999999999 0.5066 0.0 0.0 0.0 0.4918 0.0 0.0 0.0
93 LB2518-MEL PI3K 49.0 0.5074000000000001 0.5074000000000001 1.0 0.0 0.0 0.509 0.0 0.0 0.0 0.49360000000000004 0.49360000000000004 0.49360000000000004 0.0
93 LB2518-MEL p53 49.0 0.49679999999999996 0.49679999999999996 0.4948 0.5052 0.5052 0.4943999999999999 0.0 0.0 0.0 0.5016 0.0 0.0 0.0
94 M14 BRAF 49.0 0.5032039999999999 0.5032039999999999 0.26349600000000006 0.7379940000000004 0.7329589999999999 0.5060039999999999 0.2777629999999999 0.27804200000000007 0.15627900000000006 0.49960599999999955 0.0 0.0 0.0
94 M14 PI3K 49.0 0.5049999999999999 0.5049999999999999 0.9999999999999999 0.0 0.0 0.4996 0.0 0.0 0.0 0.49019999999999997 0.0 0.0 0.0
95 G-MEL Zero 49.0 0.5032 0.5032 0.7434 0.2566 0.2566 0.49760000000000004 0.0 0.0 0.0 0.4998 0.4998 0.4998 0.0
94 M14 p53 49.0 0.5216000000000001 0.5216000000000001 0.4848 0.5152 0.5152 0.49700000000000005 0.0 0.0 0.0 0.4982 0.0 0.0 0.0
96 RKO Zero 49.0 0.49660000000000004 0.49660000000000004 0.0 0.9999999999999999 0.9999999999999999 0.49860000000000004 0.0 0.0 0.0 0.5065999999999999 0.5065999999999999 0.0 0.0
95 G-MEL BRAF 49.0 0.5017989999999999 0.5017989999999999 0.6314349999999996 0.36628200000000016 0.3673740000000001 0.499002 0.2740370000000001 0.2718450000000001 0.152912 0.4905999999999999 0.4905999999999999 0.4905999999999999 0.0
95 G-MEL PI3K 49.0 0.4958 0.4958 1.0 0.0 0.0 0.49960000000000004 0.0 0.0 0.0 0.49660000000000004 0.49660000000000004 0.49660000000000004 0.0
96 RKO BRAF 49.0 0.515399 0.515399 0.0 0.999998 0.999998 0.496598 0.273775 0.2755909999999999 0.163126 0.505798 0.505798 0.0 0.0
95 G-MEL p53 49.0 0.5022 0.5022 0.4962 0.5038 0.5038 0.5022 0.0 0.0 0.0 0.4962000000000001 0.0 0.0 0.0
96 RKO PI3K 49.0 0.4978 0.4978 1.0 0.0 0.0 0.48939999999999995 0.0 0.0 0.0 0.4972 0.4972 0.4972 0.0
96 RKO p53 49.0 0.5017999999999999 0.5017999999999999 0.0 0.9999999999999999 0.9999999999999999 0.48039999999999994 0.0 0.0 0.0 0.5052 0.0 0.0 0.0
97 CCK-81 Zero 49.0 0.509401 0.509401 0.0 1.0 1.0 0.5039999999999999 0.27988999999999997 0.28076799999999996 0.15594300000000003 0.5038009999999999 0.5038009999999999 0.0 0.0
98 C32 Zero 49.0 0.5028 0.5028 0.7538 0.2462 0.2462 0.49960000000000004 0.0 0.0 0.0 0.503 0.503 0.503 0.0
97 CCK-81 BRAF 49.0 0.5044009999999999 0.5044009999999999 0.0 1.000001 1.000001 0.5066009999999999 0.279094 0.279074 0.15715500000000002 0.5112 0.5112 0.0 0.0
98 C32 BRAF 49.0 0.49380300000000005 0.49380300000000005 0.6340619999999998 0.36732700000000007 0.366174 0.49860200000000005 0.2751120000000001 0.27447800000000006 0.15071500000000007 0.500599 0.500599 0.500599 0.0
98 C32 PI3K 49.0 0.5105999999999999 0.5105999999999999 1.0 0.0 0.0 0.5004 0.0 0.0 0.0 0.5005999999999999 0.5005999999999999 0.5005999999999999 0.0
97 CCK-81 PI3K 49.0 0.4986 0.4986 0.9999990000000002 0.0 0.0 0.49439900000000003 0.23152599999999995 0.233923 0.13299500000000003 0.498601 0.498601 0.498601 0.0
98 C32 p53 49.0 0.5036 0.5036 0.486 0.514 0.514 0.49439999999999995 0.0 0.0 0.0 0.5038 0.0 0.0 0.0
99 SNU-61 Zero 49.0 0.5115999999999999 0.5115999999999999 0.49039999999999995 0.5095999999999999 0.5095999999999999 0.4928 0.0 0.0 0.0 0.4906 0.0 0.0 0.0
97 CCK-81 p53 49.0 0.496201 0.496201 0.0 1.0000019999999996 1.0000019999999996 0.496002 0.28107 0.280293 0.15390600000000002 0.518002 0.0 0.0 0.0
99 SNU-61 BRAF 49.0 0.516 0.516 0.5062 0.4937999999999999 0.4937999999999999 0.5046 0.0 0.0 0.0 0.5104 0.0 0.0 0.0
100 IST-MEL1 Zero 49.0 0.487 0.487 0.4972 0.5028 0.5028 0.5036 0.0 0.0 0.0 0.4988 0.0 0.0 0.0
99 SNU-61 PI3K 49.0 0.49179999999999996 0.49179999999999996 1.0 0.0 0.0 0.5024 0.0 0.0 0.0 0.5124 0.0 0.0 0.0
99 SNU-61 p53 49.0 0.5016 0.5016 0.4942 0.5058 0.5058 0.5038 0.0 0.0 0.0 0.4962000000000001 0.0 0.0 0.0
100 IST-MEL1 BRAF 49.0 0.48640200000000006 0.48640200000000006 0.265135 0.745012 0.7365320000000004 0.5032010000000005 0.2874830000000001 0.2861990000000001 0.15595399999999998 0.49799900000000025 0.0 0.0 0.0
101 COLO-679 Zero 49.0 0.507 0.507 0.7596 0.2404 0.2404 0.4852 0.0 0.0 0.0 0.5148 0.5148 0.5148 0.0
100 IST-MEL1 PI3K 49.0 0.49960000000000004 0.49960000000000004 0.9999999999999999 0.0 0.0 0.5004 0.0 0.0 0.0 0.5045999999999999 0.0 0.0 0.0
100 IST-MEL1 p53 49.0 0.5065999999999999 0.5065999999999999 0.4962 0.5038 0.5038 0.5104 0.0 0.0 0.0 0.488 0.0 0.0 0.0
101 COLO-679 BRAF 49.0 0.4875999999999999 0.4875999999999999 0.6343839999999997 0.365019 0.36593799999999993 0.49779599999999985 0.27757099999999996 0.27891099999999985 0.15739500000000003 0.5053999999999998 0.5053999999999998 0.5053999999999998 0.0
102 MZ2-MEL Zero 49.0 0.49460000000000004 0.49460000000000004 0.7538 0.24619999999999997 0.24619999999999997 0.5014 0.0 0.0 0.0 0.5076 0.5076 0.5076 0.0
101 COLO-679 PI3K 49.0 0.5084 0.5084 0.9999999999999999 0.0 0.0 0.4844 0.0 0.0 0.0 0.4924 0.4924 0.4924 0.0
102 MZ2-MEL BRAF 49.0 0.4988 0.4988 0.7522000000000001 0.24780000000000002 0.24780000000000002 0.502 0.0 0.0 0.0 0.5072000000000001 0.5072000000000001 0.5072000000000001 0.0
101 COLO-679 p53 49.0 0.4882 0.4882 0.49879999999999997 0.5012 0.5012 0.5065999999999999 0.0 0.0 0.0 0.4906 0.0 0.0 0.0
102 MZ2-MEL PI3K 49.0 0.49640000000000006 0.49640000000000006 1.0 0.0 0.0 0.5044 0.0 0.0 0.0 0.485 0.485 0.485 0.0
102 MZ2-MEL p53 49.0 0.4906 0.4906 0.4924 0.5075999999999999 0.5075999999999999 0.5004 0.0 0.0 0.0 0.5027999999999999 0.0 0.0 0.0
