n_profile Patient_ID Drug_ID Time FGFR2 FRS2 TSC2 mTOR RHEB SOX10 FOXD3 ERBB3 ERBB2 ATM p53 p21 MDM2
0 SK-MEL-2 Zero 49.5 0.03514599999999999 0.04088299999999999 0.21127300000000004 0.8155429999999997 0.8061359999999999 1.0000019999999996 0.9424670000000002 0.9773269999999997 0.0 0.5292009999999997 0.5292009999999997 0.140008 0.0
0 SK-MEL-2 BRAF 49.5 0.0326 0.037937999999999986 0.21129200000000006 0.8184699999999999 0.8079550000000001 0.9999990000000001 0.9544070000000001 0.9838370000000001 0.0 0.526399 0.526399 0.13421400000000006 0.0
1 IGR-37 Zero 49.0 0.0 0.0 0.5540430000000002 0.8333900000000002 0.619842 0.0 0.0 0.0 0.0005740000000000001 0.6188 0.293867 0.08602000000000001 0.0
0 SK-MEL-2 PI3K 49.5 0.027487999999999995 0.03443699999999999 0.9259229999999999 0.09923600000000003 0.08966600000000002 0.9999989999999999 0.9167429999999996 0.9638929999999999 0.0 0.5346 0.5346 0.42007799999999995 0.0
1 IGR-37 BRAF 49.0 0.0 0.0 0.5485420000000001 0.830863 0.617741 0.0 0.0 0.0 0.0006000000000000001 0.6072010000000001 0.29415899999999995 0.083481 0.0
1 IGR-37 PI3K 49.0 0.0 0.0 0.967883 0.699245 0.295837 0.0 0.0 0.0 0.0012000000000000001 0.6093989999999999 0.29776400000000003 0.11995600000000001 0.0
0 SK-MEL-2 p53 49.5 0.03201 0.03764299999999999 0.001 0.9990489999999999 0.9992009999999999 1.000001 0.951131 0.981873 0.0 0.532001 0.0 0.0 0.0
1 IGR-37 p53 49.0 0.0 0.0 0.486994 0.849852 0.6479170000000001 0.0 0.0 0.0 0.0004 0.6194 0.0 0.0 0.0
2 SNU-1040 Zero 49.0 0.021399 0.021339 0.527964 0.535556 0.47675900000000004 0.0 0.0 0.0 0.23348800000000003 0.32380000000000003 0.32380000000000003 0.32380000000000003 0.0
2 SNU-1040 BRAF 49.0 0.023001000000000004 0.022854000000000003 0.5098549999999998 0.549086 0.491659 0.0 0.0 0.0 0.248337 0.3196 0.3196 0.3196 0.0
3 Geo Zero 49.0 0.0 0.0 0.7940539999999999 0.042174 0.125071 0.0 0.0 0.0 0.50984 0.4936 0.49379999999999996 0.49397299999999994 0.0
2 SNU-1040 PI3K 49.0 0.023545999999999997 0.023509 1.0000000000000002 0.020205 0.0 0.0 0.0 0.0 0.239432 0.32519999999999993 0.32519999999999993 0.32519999999999993 0.0
3 Geo BRAF 49.0 0.0 0.0 0.792715 0.04381 0.13112200000000002 0.0 0.0 0.0002 0.518373 0.49060000000000004 0.4908 0.49060000000000004 0.0
3 Geo PI3K 49.0 0.0 0.0 1.0 0.0 0.0 0.0 0.0 0.0 0.5039750000000001 0.487 0.48780000000000007 0.48780000000000007 0.0
2 SNU-1040 p53 49.0 0.023 0.023 0.29211000000000004 0.787287 0.7175520000000001 0.0 0.0 0.0 0.23978700000000008 0.32859899999999986 0.0 0.0 0.0
3 Geo p53 49.0 0.0 0.0 0.5520200000000001 0.120578 0.29612999999999995 0.0 0.0 0.0 0.51414 0.48960000000000004 0.0 0.0 0.0
4 NCI-H508 Zero 49.0 0.0 0.0 0.7770930000000001 0.150232 0.21758300000000003 0.0 0.0 0.0 0.820864 0.48600000000000004 0.48600000000000004 0.47803100000000004 0.0
4 NCI-H508 BRAF 49.0 0.0 0.0 0.796568 0.136872 0.199808 0.0 0.0 0.0 0.813429 0.4916 0.4916 0.485099 0.0
4 NCI-H508 PI3K 49.0 0.0 0.0 1.0 0.0 0.0 0.0 0.0 0.0 0.80867 0.4938 0.4938 0.486124 0.0
4 NCI-H508 p53 49.0 0.0 0.0 0.5723420000000001 0.29507399999999995 0.4192929999999999 0.0 0.0 0.0 0.813165 0.49439999999999995 0.0 0.0 0.0
5 HCT-116 Zero 49.0 0.135801 0.135801 0.56209 0.388148 0.405962 0.0 0.0 0.0 0.707656 0.5652010000000001 0.5652010000000001 0.533434 0.0
5 HCT-116 BRAF 49.0 0.1278 0.1278 0.5231239999999998 0.42383 0.44206599999999996 0.0 0.0 0.0 0.772951 0.557201 0.557201 0.524493 0.0
6 COLO-320-HSR Zero 49.0 0.033372 0.029943 0.3794909999999999 0.506447 0.5936779999999999 0.0 0.0 0.0 0.00021 0.38979999999999987 0.38979999999999987 0.10730500000000001 0.0
5 HCT-116 PI3K 49.0 0.1414 0.1414 0.996858 0.0032259999999999997 0.00315 0.0 0.0 0.0 0.688607 0.5572 0.557091 0.557259 4.6e-05
6 COLO-320-HSR BRAF 49.0 0.040335 0.03664200000000001 0.374105 0.499089 0.5968569999999999 0.0 0.0 0.0 0.0002 0.387199 0.387199 0.10832600000000002 0.0
5 HCT-116 p53 49.0 0.12840100000000002 0.12840100000000002 0.11357399999999998 0.7936849999999998 0.822562 0.0 0.0 0.0 0.7228089999999999 0.558801 0.0 0.0004 0.0
6 COLO-320-HSR PI3K 49.0 0.040819999999999995 0.037361 1.0 0.0 0.0 0.0 0.0 0.0 0.0002 0.3824 0.3824 0.20849099999999998 0.0
6 COLO-320-HSR p53 49.0 0.03280399999999999 0.031218999999999993 0.13599400000000003 0.6886879999999999 0.8244869999999999 0.0 0.0 0.0 0.0002 0.38760100000000003 0.0 0.0 0.0
7 IPC-298 Zero 49.0 0.049587 0.029599999999999994 0.41834000000000005 0.686956 0.61356 0.0 0.6130680000000001 0.61502 0.0014 0.543398 0.33008200000000004 0.16563300000000003 0.0
7 IPC-298 BRAF 49.0 0.0492 0.028532999999999996 0.41353899999999977 0.6922590000000001 0.6222430000000002 0.0 0.621921 0.6241260000000001 0.0004 0.5436010000000001 0.3326649999999998 0.16420800000000002 0.0
7 IPC-298 PI3K 49.0 0.04372999999999996 0.026383999999999994 0.9511339999999997 0.18252300000000007 0.07508000000000005 0.0 0.6052639999999997 0.6077859999999996 0.000819 0.5431989999999994 0.33913499999999996 0.194915 0.0
8 SNU-61 Zero 49.0 0.0 0.0 0.5789499999999999 0.37173599999999996 0.416983 0.0 0.0 0.0 0.8210309999999997 0.49420000000000003 0.4944 0.4938 0.0
7 IPC-298 p53 49.0 0.04637299999999999 0.03259999999999999 0.22303500000000007 0.8244809999999999 0.792213 0.0 0.6033670000000001 0.6054940000000001 0.0008 0.5421999999999999 0.0 0.0 0.0
8 SNU-61 BRAF 49.0 0.0 0.0 0.56613 0.38791 0.42875199999999997 0.0 0.0 0.0 0.8183170000000001 0.4952 0.4952 0.4944 0.0
8 SNU-61 PI3K 49.0 0.0 0.0 0.9965489999999999 0.0035900000000000003 0.0035550000000000004 0.0 0.0 0.0 0.8174719999999999 0.48719999999999997 0.48739999999999994 0.48679999999999995 0.0
9 WM-266-4 Zero 49.0 0.069615 0.068031 0.42700100000000013 0.7721609999999999 0.7144649999999998 0.0 0.6099549999999999 0.6372410000000001 0.011340000000000001 0.578998 0.578798 0.4520209999999999 0.0002
8 SNU-61 p53 49.0 0.0 0.0 0.15104200000000004 0.7703869999999999 0.8391639999999999 0.0 0.0 0.0 0.8296959999999999 0.485201 0.0 0.0 0.0
9 WM-266-4 BRAF 49.0 0.067605 0.066616 0.4112700000000001 0.7876159999999999 0.7319669999999999 0.0 0.6181829999999999 0.6442139999999998 0.010731999999999998 0.5773999999999999 0.5773999999999999 0.435716 0.0
9 WM-266-4 PI3K 49.0 0.06858700000000002 0.06776000000000001 0.9116569999999999 0.3008 0.23390400000000006 0.0 0.6078899999999998 0.6351809999999997 0.009253 0.5825979999999998 0.5825979999999998 0.5525249999999998 0.0
10 G-361 Zero 49.0 0.0168 0.023458 0.497003 0.9142559999999995 0.7450709999999996 0.0 0.0 0.0 0.0036810000000000002 0.8347999999999997 0.7466359999999999 0.480098 0.002078
9 WM-266-4 p53 49.0 0.06405299999999998 0.062847 0.107916 0.9547789999999998 0.9390459999999999 0.0 0.602365 0.6292540000000001 0.012086 0.5760019999999999 0.0 0.0 0.0
10 G-361 BRAF 49.0 0.015600000000000003 0.021868999999999996 0.4873659999999999 0.9144389999999999 0.7635699999999999 0.0 0.0 0.0 0.0022140000000000003 0.8301999999999998 0.7386029999999998 0.468765 0.0014
10 G-361 PI3K 49.0 0.015200000000000002 0.021859999999999997 0.995566 0.6069749999999999 0.23349 0.0 0.0 0.0 0.0029670000000000005 0.834 0.7457809999999999 0.740372 0.0018000000000000002
10 G-361 p53 49.0 0.0132 0.018376 0.341699 0.927053 0.811757 0.0 0.0 0.0 0.002804 0.8376000000000001 0.0 0.0 0.0014000000000000002
11 MZ7-mel Zero 49.5 0.0 0.0 0.26645099999999994 0.7867729999999997 0.742294 1.0000009999999997 0.10005800000000001 0.09022800000000002 0.0 0.6962009999999997 0.6962009999999997 0.256728 0.0
11 MZ7-mel BRAF 49.5 0.0 0.0 0.264949 0.7894350000000001 0.747768 1.0000010000000001 0.10897600000000002 0.101146 0.0016190000000000002 0.6894020000000001 0.6894020000000001 0.24969200000000003 0.0
11 MZ7-mel PI3K 49.5 0.0 0.0 0.5292409999999999 0.5458609999999998 0.486313 0.9999989999999997 0.09634 0.08652699999999998 0.0012640000000000001 0.695998 0.695998 0.37856999999999996 0.0
12 MDST8 Zero 49.0 0.064907 0.06379 0.6499419999999998 0.3450879999999999 0.35919399999999974 0.0 0.0 0.0 0.6915389999999999 0.5607999999999996 0.5452249999999998 0.5227969999999998 0.033405999999999984
11 MZ7-mel p53 49.5 0.0 0.0 0.073752 0.947093 0.9302769999999998 1.0000019999999998 0.099334 0.09003499999999999 0.000952 0.6926019999999998 0.0 0.0 0.0
12 MDST8 BRAF 49.0 0.07298200000000002 0.07166600000000004 0.6170359999999999 0.3728919999999997 0.3901359999999998 0.0 0.0 0.0 0.7138769999999995 0.5628009999999997 0.5442699999999998 0.5148319999999997 0.03220099999999999
13 SK-CO-1 Zero 49.0 0.0 0.0 0.700531 0.286624 0.349458 0.0 0.0 0.0 0.799798 0.1252 0.1252 0.1252 0.0
12 MDST8 PI3K 49.0 0.070242 0.0698 0.992386 0.009399999999999999 0.009545 0.0 0.0 0.0 0.700738 0.5604000000000001 0.544265 0.5453260000000001 0.032352
13 SK-CO-1 BRAF 49.0 0.0 0.0 0.6814320000000001 0.311939 0.37542500000000006 0.0 0.0 0.0 0.7997210000000001 0.1254 0.1254 0.1254 0.0
12 MDST8 p53 49.0 0.07409400000000006 0.07311500000000005 0.2692609999999998 0.7008789999999995 0.7390819999999997 0.0 0.0 0.0 0.7092249999999998 0.5650009999999998 0.0 0.004999999999999998 0.03044899999999999
13 SK-CO-1 PI3K 49.0 0.0 0.0 0.9999999999999998 0.021312 0.021123 0.0 0.0 0.0 0.8025329999999998 0.129 0.129 0.129 0.0
14 GP2d Zero 49.0 0.0 0.0 0.713415 0.272194 0.274033 0.0 0.0 0.0002 0.742059 0.4014 0.40219999999999995 0.40203199999999994 0.0
13 SK-CO-1 p53 49.0 0.0 0.0 0.6401329999999998 0.3576470000000001 0.4190550000000001 0.0 0.0 0.0 0.7880519999999998 0.12460000000000002 0.0 0.0 0.0
14 GP2d BRAF 49.0 0.0 0.0 0.7028729999999999 0.283372 0.28750000000000003 0.0 0.0 0.000495 0.732896 0.41179999999999994 0.41259999999999997 0.41259999999999997 0.0
15 451Lu Zero 49.5 0.013626 0.008266 0.6080659999999996 0.691086 0.4989800000000001 0.9999989999999995 0.20458700000000005 0.186889 0.01288 0.30779899999999993 0.30779899999999993 0.171622 0.0
14 GP2d PI3K 49.0 0.0 0.0 1.0 0.0 0.0 0.0 0.0 0.0008 0.731438 0.4222 0.422325 0.4224 0.0
15 451Lu BRAF 49.5 0.015800000000000005 0.008399 0.6170749999999997 0.6969109999999998 0.4939029999999999 0.9999969999999997 0.21160000000000007 0.19861700000000004 0.015778999999999998 0.3083979999999998 0.3083979999999998 0.18177200000000002 0.0
14 GP2d p53 49.0 0.0 0.0 0.4600810000000001 0.5218500000000001 0.5260030000000001 0.0 0.0 0.001 0.7336870000000001 0.4104009999999999 0.0 0.0 0.0
15 451Lu PI3K 49.5 0.016385 0.009488 0.8813759999999998 0.5562129999999996 0.2716379999999999 0.9999999999999997 0.20432700000000006 0.18593300000000004 0.014260000000000002 0.31100099999999975 0.31100099999999975 0.17906100000000008 0.0
16 COLO-829 Zero 49.0 0.009400000000000002 0.0088 0.36232899999999996 0.6369609999999997 0.6300519999999998 0.0 0.4167469999999999 0.42081299999999994 0.052213999999999997 0.6594009999999998 0.6404479999999998 0.3233089999999999 0.024067999999999992
15 451Lu p53 49.5 0.014400000000000001 0.008 0.48194800000000004 0.7630579999999999 0.6056869999999999 0.9999999999999998 0.20637600000000003 0.186931 0.014824 0.30700099999999997 0.0 0.0 0.0
16 COLO-829 BRAF 49.0 0.014562000000000005 0.011918000000000003 0.371829 0.6309159999999998 0.6221949999999997 0.0 0.41254899999999994 0.418108 0.05248099999999999 0.6536009999999995 0.6401529999999996 0.32623599999999997 0.019796999999999995
16 COLO-829 PI3K 49.0 0.018522999999999998 0.016999999999999998 0.998661 0.002018 0.0015440000000000002 0.0 0.43153700000000006 0.43689900000000004 0.032042999999999995 0.660001 0.643943 0.6518009999999999 0.022788000000000003
17 WT Zero 49.0 0.4907990000000001 0.4907990000000001 0.6366140000000001 0.3602490000000001 0.3607249999999999 0.5097990000000001 0.2560699999999999 0.2539269999999999 0.131854 0.5037980000000001 0.5037980000000001 0.5037980000000001 0.0
16 COLO-829 p53 49.0 0.014600000000000002 0.011927999999999998 0.200222 0.7961099999999999 0.7918469999999997 0.0 0.420884 0.42522599999999994 0.04925899999999999 0.6651999999999997 0.0 0.027823999999999995 0.019819
18 COLO-205 Zero 49.0 0.20252400000000004 0.19918500000000003 0.7399059999999998 0.20495700000000006 0.20864400000000008 0.0 0.0 0.0 0.6224539999999996 0.6923999999999997 0.7007229999999995 0.5282699999999998 0.0014000000000000002
17 WT BRAF 49.0 0.5004040000000001 0.5004040000000001 0.6221349999999999 0.377077 0.377801 0.504204 0.2749159999999998 0.27503500000000003 0.146487 0.5002010000000001 0.5002010000000001 0.5002010000000001 0.0
18 COLO-205 BRAF 49.0 0.2106000000000001 0.20840000000000006 0.7333669999999999 0.213941 0.21670699999999998 0.0 0.0 0.0 0.6418579999999998 0.6817989999999998 0.6914719999999999 0.522433 0.001366
17 WT PI3K 49.0 0.5047999999999999 0.5047999999999999 0.9999999999999999 0.0 0.0 0.49079999999999996 0.22545900000000002 0.22751200000000005 0.13801000000000005 0.5038009999999999 0.5038009999999999 0.5038009999999999 0.0
18 COLO-205 PI3K 49.0 0.21615799999999996 0.21220699999999995 0.8100380000000003 0.15430900000000003 0.15374099999999996 0.0 0.0 0.0 0.6394840000000002 0.6934 0.7010669999999999 0.550364 0.001
18 COLO-205 p53 49.0 0.21268300000000004 0.20973800000000004 0.6106419999999999 0.30238799999999993 0.3093489999999998 0.0 0.0 0.0 0.6221459999999998 0.6842009999999997 0.0 0.0 0.0
17 WT p53 49.0 0.4877970000000003 0.4877970000000003 0.2805330000000001 0.7150159999999995 0.7173799999999994 0.5055990000000002 0.2699090000000001 0.2706409999999999 0.15128599999999995 0.5035980000000001 0.0 0.0 0.0
19 CW-2 Zero 49.0 0.0 0.0 0.7209549999999998 0.2848649999999999 0.254459 0.0 0.0 0.0 0.6769050000000001 0.1724 0.22860899999999998 0.28274199999999994 0.0
19 CW-2 BRAF 49.0 0.0 0.0 0.7235099999999999 0.28010999999999997 0.250037 0.0 0.0 0.0 0.6881959999999999 0.183001 0.23494800000000002 0.287897 0.0
20 VMRC-MELG Zero 49.0 0.15237900000000001 0.15641900000000009 0.3984139999999999 0.6000920000000001 0.5961580000000001 0.0 0.0 0.0 0.7731409999999997 0.41639999999999994 0.41639999999999994 0.18260600000000002 0.0
19 CW-2 PI3K 49.0 0.0 0.0 0.8991109999999999 0.12718600000000002 0.10151100000000002 0.0 0.0 0.0 0.6713719999999999 0.1866 0.24297899999999997 0.2920749999999999 0.0
20 VMRC-MELG BRAF 49.0 0.151553 0.15633300000000003 0.4111880000000001 0.5871879999999999 0.5828820000000001 0.0 0.0 0.0 0.7794390000000001 0.41160100000000005 0.41160100000000005 0.18650099999999997 0.0
19 CW-2 p53 49.0 0.0 0.0 0.6121300000000001 0.38018399999999997 0.35523999999999994 0.0 0.0 0.0 0.677953 0.185801 0.0 0.006431999999999999 0.0
20 VMRC-MELG PI3K 49.0 0.15696300000000005 0.16199700000000006 0.8730029999999996 0.14086300000000007 0.12966100000000005 0.0 0.0 0.0 0.7683319999999998 0.4159989999999999 0.4159989999999999 0.36664499999999994 0.0
21 SW837 Zero 49.0 0.071599 0.07134299999999999 0.31745199999999996 0.7516049999999999 0.6739219999999998 0.0 0.0 0.0 0.7579209999999997 0.7149989999999998 0.7149989999999998 0.186862 0.0
20 VMRC-MELG p53 49.0 0.15755400000000006 0.16328100000000006 0.29596999999999996 0.6932959999999998 0.6958129999999998 0.0 0.0 0.0 0.7728819999999997 0.41140099999999985 0.0 0.032249 0.0
21 SW837 BRAF 49.0 0.079878 0.079676 0.32375 0.7484999999999999 0.6623570000000001 0.0 0.0 0.0 0.782399 0.716198 0.716198 0.196269 0.0
21 SW837 PI3K 49.0 0.08243399999999998 0.08205899999999999 0.611407 0.5309250000000001 0.3809620000000001 0.0 0.0 0.0 0.74165 0.7039990000000002 0.7039990000000002 0.360546 0.0
22 CL-11 Zero 49.0 0.191001 0.191001 0.674477 0.68388 0.6570420000000001 0.0 0.0 0.0 0.7783340000000001 0.473801 0.473775 0.43058799999999997 0.0
21 SW837 p53 49.0 0.069672 0.069353 0.15283299999999997 0.846476 0.8300949999999999 0.0 0.0 0.0 0.7513070000000001 0.7056010000000001 0.0 0.0 0.0
22 CL-11 BRAF 49.0 0.18080000000000002 0.18080000000000002 0.6805420000000002 0.6774680000000001 0.6521380000000001 0.0 0.0 0.0 0.7847350000000002 0.4864 0.4864 0.443845 0.0
22 CL-11 PI3K 49.0 0.19480000000000003 0.19480000000000003 0.948417 0.516785 0.48057500000000003 0.0 0.0 0.0 0.7797719999999999 0.49000099999999996 0.489255 0.45586399999999994 0.0
22 CL-11 p53 49.0 0.19560000000000002 0.19512200000000002 0.4313620000000001 0.807018 0.7901380000000001 0.0 0.0 0.0 0.781304 0.494002 0.0 0.0 0.0
23 WM793B Zero 49.5 0.07320200000000003 0.13615100000000024 0.546337999999999 0.7329619999999991 0.6671719999999995 0.999996999999999 0.15860500000000025 0.020511999999999996 0.6302989999999996 0.5197989999999996 0.4955059999999997 0.43199399999999927 0.051338999999999975
23 WM793B BRAF 49.5 0.07149100000000005 0.1358500000000002 0.4226129999999994 0.8033899999999992 0.7540919999999994 1.0000039999999988 0.5494149999999991 0.10192000000000005 0.7107189999999995 0.5306019999999995 0.5088169999999997 0.4194209999999997 0.052960999999999966
23 WM793B PI3K 49.5 0.08022200000000006 0.1403960000000001 0.9509469999999992 0.41723299999999947 0.3154879999999998 0.9999949999999989 0.13663500000000012 0.016562 0.6343889999999995 0.5245989999999993 0.5026609999999995 0.5638739999999992 0.053525999999999976
24 COLO-792 Zero 49.0 0.0 0.0 0.4233750000000001 0.7486579999999999 0.7504099999999997 0.0 0.41521 0.43144899999999997 0.009163 0.12060200000000001 0.12060200000000001 0.120202 0.0
23 WM793B p53 49.5 0.07943000000000003 0.1404260000000002 0.41154999999999964 0.7892239999999993 0.7435209999999994 0.9999989999999986 0.16815800000000028 0.02303399999999998 0.6552529999999992 0.5251989999999996 0.0 0.1531710000000002 0.04681599999999998
24 COLO-792 BRAF 49.0 0.0 0.0 0.4274339999999999 0.739768 0.7423629999999999 0.0 0.4154019999999999 0.4327129999999998 0.010717 0.10859800000000003 0.10859800000000003 0.10899800000000003 0.0
24 COLO-792 PI3K 49.0 0.0 0.0 0.8268219999999998 0.5126409999999997 0.5071069999999999 0.0 0.41907999999999995 0.436141 0.0063999999999999994 0.114201 0.114201 0.114001 0.0
24 COLO-792 p53 49.0 0.0 0.0 0.368887 0.7798519999999999 0.7826029999999999 0.0 0.4094610000000001 0.4265770000000001 0.005977 0.108198 0.0 0.0002 0.0
25 NCI-H716 Zero 49.0 0.6481390000000001 0.6744020000000002 0.17493200000000006 0.8312739999999997 0.8316459999999999 0.0 0.0 0.0 0.3868459999999999 0.23900200000000005 0.206435 0.008769 0.0
25 NCI-H716 BRAF 49.0 0.6553359999999998 0.6758039999999998 0.17538800000000004 0.8312839999999998 0.8332179999999999 0.0 0.0 0.0 0.38576400000000005 0.25580100000000006 0.21955900000000003 0.010329999999999999 0.0
26 UACC-62 Zero 49.0 0.026597999999999993 0.02575699999999999 0.8552569999999998 0.168502 0.15900900000000004 0.0 0.0 0.0 0.086707 0.6879999999999996 0.6598449999999998 0.5883729999999999 0.0006000000000000001
25 NCI-H716 PI3K 49.0 0.6529399999999999 0.6762359999999998 0.33017700000000005 0.7171279999999995 0.7096989999999996 0.0 0.0 0.0 0.378625 0.23840100000000003 0.206045 0.022303999999999997 0.0
26 UACC-62 BRAF 49.0 0.024621999999999998 0.024142999999999994 0.8441909999999996 0.17789100000000002 0.1697690000000001 0.0 0.0 0.0 0.09089500000000002 0.6910019999999996 0.6609149999999998 0.5800639999999998 0.0008
25 NCI-H716 p53 49.0 0.6465059999999999 0.666897 0.16341500000000006 0.8369359999999999 0.840922 0.0 0.0 0.0 0.39144500000000004 0.243199 0.0 0.0 0.0
26 UACC-62 PI3K 49.0 0.024572999999999998 0.024408 0.9215459999999999 0.10312300000000002 0.09181600000000004 0.0 0.0 0.0 0.07959700000000001 0.676399 0.644532 0.6022339999999999 0.0006000000000000001
26 UACC-62 p53 49.0 0.027588999999999992 0.026755999999999995 0.8238519999999999 0.19659700000000005 0.18775600000000006 0.0 0.0 0.0 0.08840500000000003 0.6915999999999999 0.0 0.0 0.0016000000000000003
27 LOXIMVI Zero 49.0 0.20437200000000008 0.18978800000000004 0.5282989999999999 0.3852789999999999 0.46315599999999985 0.0 0.0 0.0 0.42432000000000003 0.48059799999999997 0.48059799999999997 0.4759979999999999 0.0
27 LOXIMVI BRAF 49.0 0.20780300000000004 0.19151400000000002 0.5238209999999998 0.39122899999999994 0.46865499999999993 0.0 0.0 0.0 0.427149 0.46680000000000005 0.46680000000000005 0.462784 0.0
28 LS-123 Zero 49.0 0.046697999999999996 0.046106999999999995 0.7438999999999999 0.23436499999999996 0.25071699999999986 0.0 0.0 0.0 0.7921889999999999 0.314199 0.314799 0.29327400000000003 0.0
27 LOXIMVI PI3K 49.0 0.19774400000000003 0.18185700000000002 0.9740570000000002 0.025349 0.026873999999999995 0.0 0.0 0.0 0.4287019999999999 0.47099999999999986 0.47099999999999986 0.4678389999999999 0.0
28 LS-123 BRAF 49.0 0.040445 0.039924 0.747664 0.231092 0.24778300000000003 0.0 0.0 0.0 0.791623 0.3122 0.31279999999999997 0.290772 0.0
28 LS-123 PI3K 49.0 0.037748000000000004 0.037278 0.9946839999999999 0.005733 0.005684 0.0 0.0 0.0 0.78317 0.322199 0.322799 0.322799 0.0
27 LOXIMVI p53 49.0 0.20473600000000003 0.18765 0.133005 0.709137 0.8540880000000001 0.0 0.0 0.0 0.43175799999999986 0.4772009999999999 0.0 0.0002 0.0
28 LS-123 p53 49.0 0.043177 0.042801 0.6579220000000002 0.309907 0.33412800000000004 0.0 0.0 0.0 0.778764 0.3146000000000001 0.0 0.0 0.0
29 CCK-81 Zero 49.0 0.0 0.0 0.795349 0.19586899999999996 0.19013399999999997 0.0 0.0 0.0 0.525415 0.5282 0.540809 0.5412969999999999 0.0
29 CCK-81 BRAF 49.0 0.0 0.0 0.7988449999999999 0.193692 0.18744000000000002 0.0 0.0 0.0 0.530781 0.5464 0.5575589999999999 0.5581639999999999 0.0
30 HCC2998 Zero 49.0 0.043956999999999996 0.05047299999999999 0.21254500000000004 0.7896169999999997 0.7903399999999997 0.0 0.0 0.0 0.7806719999999997 0.5843969999999997 0.5816969999999998 0.16902399999999998 0.0
29 CCK-81 PI3K 49.0 0.0 0.0 0.9999989999999999 0.0 0.0 0.0 0.0 0.0 0.512025 0.5402 0.551344 0.5526819999999999 0.0
30 HCC2998 BRAF 49.0 0.043222 0.05084800000000002 0.212946 0.7923940000000003 0.7926340000000003 0.0 0.0 0.0 0.8134120000000001 0.5790000000000001 0.5762720000000001 0.18158099999999996 0.0
29 CCK-81 p53 49.0 0.0 0.0 0.46322000000000013 0.5273739999999998 0.5130499999999999 0.0 0.0 0.0 0.5192599999999998 0.5297999999999999 0.0 0.0 0.0002
30 HCC2998 PI3K 49.0 0.047134999999999996 0.05349899999999999 0.6384289999999998 0.37046599999999996 0.36862899999999993 0.0 0.0 0.0 0.7811130000000002 0.5841989999999999 0.581599 0.360162 0.0
31 MMAc-SF Zero 49.5 0.0 0.582937 0.3376489999999999 0.6935469999999997 0.6542819999999999 1.0000039999999994 0.201535 0.22027900000000003 0.023221999999999996 0.5490019999999999 0.271238 0.235694 0.500283
30 HCC2998 p53 49.0 0.046439 0.052708000000000005 0.06039300000000001 0.9325830000000002 0.9373290000000001 0.0 0.0 0.0 0.788425 0.5796000000000001 0.0 0.0 0.0
31 MMAc-SF BRAF 49.5 0.0 0.5675409999999996 0.342702 0.6886789999999998 0.6494920000000001 0.9999959999999991 0.2591379999999999 0.2765899999999999 0.033152999999999995 0.553199 0.28533299999999995 0.24661100000000002 0.4888760000000002
31 MMAc-SF PI3K 49.5 0.0 0.578496 0.9999970000000001 0.000704 0.0 0.9999970000000001 0.026569 0.047667999999999995 0.0036979999999999995 0.549999 0.2801030000000001 0.2771240000000001 0.4847959999999999
32 IST-MEL1 Zero 49.5 0.035687999999999984 0.03500099999999999 0.43487700000000007 0.6971139999999995 0.5883719999999997 1.000001999999999 0.8737549999999994 0.8793759999999995 0.38987999999999984 0.5467999999999998 0.5467999999999998 0.404058 0.0
31 MMAc-SF p53 49.5 0.0 0.5651370000000001 0.143161 0.872828 0.849352 1.0000069999999999 0.2616049999999999 0.27708399999999983 0.034408999999999995 0.540805 0.0 0.0 0.49478799999999984
32 IST-MEL1 BRAF 49.5 0.03640399999999999 0.03598199999999999 0.4362189999999999 0.7013229999999997 0.5873929999999997 1.000001 0.889802 0.895646 0.3790549999999999 0.5387999999999998 0.5387999999999998 0.3980090000000001 0.0
32 IST-MEL1 PI3K 49.5 0.03119 0.0302 0.8640499999999998 0.3347819999999996 0.17072500000000007 0.9999999999999998 0.8554189999999999 0.8638500000000002 0.3810199999999996 0.5413999999999999 0.5413999999999999 0.4435499999999998 0.0
33 WM1552C Zero 49.0 0.20550399999999996 0.27112000000000014 0.05956200000000002 0.9530640000000004 0.9433880000000002 0.0 0.0 0.0 0.6773310000000002 0.41760200000000003 0.41760200000000003 0.12177000000000003 0.0
32 IST-MEL1 p53 49.5 0.03499999999999999 0.03439999999999999 0.012414000000000001 0.9956009999999995 0.9912669999999997 0.9999989999999996 0.8927449999999999 0.8988029999999998 0.37231999999999993 0.5361989999999999 0.0 0.0 0.0
33 WM1552C BRAF 49.0 0.20451800000000003 0.26595699999999994 0.05321699999999999 0.9600519999999996 0.9512909999999998 0.0 0.0 0.0 0.6952939999999997 0.4011989999999999 0.4011989999999999 0.11218700000000004 0.0
33 WM1552C PI3K 49.0 0.20088400000000006 0.25700899999999993 0.47751499999999997 0.5771639999999999 0.5364279999999999 0.0 0.0 0.0 0.6673630000000002 0.406599 0.406599 0.24969600000000003 0.0
34 LIM1215 Zero 49.0 0.15120000000000006 0.1574000000000001 0.41942499999999994 0.3581829999999999 0.4370729999999998 0.0 0.0 0.08145400000000001 0.778631 0.19300000000000003 0.21612800000000007 0.19592600000000004 0.002324
33 WM1552C p53 49.0 0.20674300000000004 0.274017 0.006441 0.9947069999999997 0.9939079999999998 0.0 0.0 0.0 0.697794 0.4124 0.0 0.07204200000000001 0.0
34 LIM1215 BRAF 49.0 0.14900100000000008 0.1548810000000001 0.427959 0.3521149999999999 0.4296939999999999 0.0 0.0 0.07481900000000001 0.7771879999999994 0.19840000000000002 0.22271800000000005 0.204906 0.002
34 LIM1215 PI3K 49.0 0.14660100000000004 0.15130000000000007 0.8887050000000001 0.09937900000000005 0.10560200000000006 0.0 0.0 0.07931300000000002 0.7927059999999997 0.1844010000000001 0.20949800000000013 0.18675800000000006 0.0025600000000000006
35 Hs-939-T Zero 49.0 0.106577 0.09622200000000002 0.19596600000000006 0.8635359999999997 0.8387619999999998 0.0 0.608083 0.642062 0.01714 0.5276 0.5276 0.1692440000000001 0.0
34 LIM1215 p53 49.0 0.140999 0.14779900000000004 0.186985 0.5532029999999999 0.6518299999999998 0.0 0.0 0.08041900000000003 0.7990689999999997 0.18480000000000005 0.0 0.0 0.0
35 Hs-939-T BRAF 49.0 0.098266 0.090182 0.19413600000000003 0.86723 0.839564 0.0 0.6167239999999999 0.6509789999999999 0.017573999999999996 0.5383969999999999 0.5383969999999999 0.16843400000000006 0.0
35 Hs-939-T PI3K 49.0 0.10767000000000007 0.09976000000000002 0.5707539999999995 0.5221799999999996 0.475153 0.0 0.6104719999999999 0.6476139999999999 0.015773000000000002 0.5367989999999998 0.5367989999999998 0.31132599999999994 0.0
36 SK-MEL-1 Zero 49.0 0.098826 0.098485 0.646183 0.7171919999999995 0.6730529999999996 0.0 0.0 0.0 0.002 0.45339799999999997 0.4451169999999999 0.41278000000000004 0.0
35 Hs-939-T p53 49.0 0.101547 0.09137399999999998 0.06593199999999999 0.9557909999999998 0.9463209999999999 0.0 0.6001209999999999 0.6391659999999998 0.01807 0.538399 0.0 0.0016190000000000002 0.0
36 SK-MEL-1 BRAF 49.0 0.10101800000000001 0.10092600000000002 0.6373139999999999 0.7114839999999999 0.6678519999999999 0.0 0.0 0.0 0.0038859999999999997 0.46879999999999994 0.4588 0.4219730000000001 0.0
36 SK-MEL-1 PI3K 49.0 0.10990400000000002 0.108993 0.9855989999999997 0.4342709999999999 0.382647 0.0 0.0 0.0 0.002 0.4542 0.442401 0.4371499999999999 0.0
37 WM35 Zero 49.5 0.0 0.0 0.44887099999999996 0.6426350000000001 0.5712830000000001 1.0000020000000003 0.9531450000000001 0.9572660000000002 0.0 0.574202 0.574202 0.444766 0.0
37 WM35 BRAF 49.5 0.0 0.0 0.4483169999999999 0.652004 0.570183 1.0 0.9526399999999998 0.9577779999999998 0.0 0.5726009999999999 0.5726009999999999 0.44363899999999995 0.0
36 SK-MEL-1 p53 49.0 0.089938 0.089775 0.4202349999999999 0.8101119999999999 0.7793069999999999 0.0 0.0 0.0 0.0032550000000000005 0.4642010000000001 0.0 0.0026000000000000003 0.0
37 WM35 PI3K 49.5 0.0 0.0 0.834599 0.30109000000000014 0.192685 1.000002 0.9505240000000001 0.9543869999999999 0.0 0.5736010000000001 0.5736010000000001 0.48017400000000005 0.0
38 HCT-15 Zero 49.0 0.15979400000000005 0.15947400000000006 0.364916 0.6058110000000001 0.599711 0.0 0.0 0.0 0.7237429999999999 0.18700100000000006 0.18700100000000006 0.142981 0.0
37 WM35 p53 49.5 0.0 0.0 0.012374999999999999 0.9947979999999997 0.9903719999999999 0.9999979999999997 0.9624629999999998 0.9656999999999999 0.0 0.5721979999999998 0.0 0.0 0.0
38 HCT-15 BRAF 49.0 0.15100000000000002 0.15100000000000002 0.362799 0.6130359999999999 0.6056619999999999 0.0 0.0 0.0 0.7209780000000001 0.1904 0.1904 0.14300300000000002 0.0
38 HCT-15 PI3K 49.0 0.14699900000000002 0.146599 0.75579 0.25656599999999996 0.24451599999999998 0.0 0.0 0.0 0.7133279999999999 0.17920000000000003 0.17920000000000003 0.13568400000000003 0.0
39 SW1417 Zero 49.0 0.19020099999999998 0.19020099999999998 0.5341999999999999 0.5727689999999998 0.5668609999999998 0.0 0.0 0.0 0.8131809999999999 0.5366009999999997 0.40222300000000005 0.354395 0.0
38 HCT-15 p53 49.0 0.152843 0.152711 0.25600199999999995 0.7112649999999998 0.7062059999999999 0.0 0.0 0.0 0.70729 0.18580100000000005 0.0 0.0 0.0
39 SW1417 BRAF 49.0 0.198201 0.198201 0.5254659999999999 0.5640429999999997 0.5580859999999997 0.0 0.0 0.0 0.7985039999999998 0.5365999999999999 0.39707499999999996 0.354817 0.0
40 LS-513 Zero 49.0 0.244998 0.244998 0.624333 0.36259899999999984 0.3704669999999999 0.0 0.0 0.0 0.8063839999999999 0.46719899999999986 0.45301399999999986 0.43913399999999986 0.031665
39 SW1417 PI3K 49.0 0.1996 0.19899999999999998 0.9997999999999998 0.007112 0.00658 0.0 0.0 0.0 0.800186 0.5366 0.4112339999999999 0.392213 0.0
40 LS-513 BRAF 49.0 0.24659900000000004 0.24639900000000003 0.620805 0.36344199999999993 0.3719149999999999 0.0 0.0 0.0 0.8134169999999995 0.4657999999999999 0.456478 0.44610799999999995 0.027624
39 SW1417 p53 49.0 0.19920000000000002 0.19920000000000002 0.277097 0.802244 0.8006639999999998 0.0 0.0 0.0 0.8112149999999999 0.5381999999999999 0.0 0.0 0.0
40 LS-513 PI3K 49.0 0.25640000000000013 0.25640000000000013 0.9913079999999995 0.010266 0.009434999999999999 0.0 0.0 0.0 0.8269159999999998 0.46080000000000004 0.45080000000000003 0.4520410000000001 0.026935
41 UACC-257 Zero 49.0 0.019399999999999994 0.019132999999999994 0.6929139999999998 0.3937529999999998 0.3135319999999998 0.0 0.6061500000000002 0.6077110000000002 0.0086 0.5379999999999998 0.460297 0.39437700000000003 0.12351200000000001
40 LS-513 p53 49.0 0.2553979999999999 0.2553979999999999 0.34497999999999995 0.629916 0.6443059999999998 0.0 0.0 0.0 0.8311179999999998 0.45219600000000004 0.0 0.004039 0.024489999999999998
41 UACC-257 BRAF 49.0 0.0178 0.0178 0.6806049999999999 0.40275799999999984 0.324669 0.0 0.6064109999999999 0.6081359999999999 0.010571 0.5186009999999999 0.44418900000000006 0.38253000000000004 0.11625500000000001
41 UACC-257 PI3K 49.0 0.014 0.01386 0.9204059999999997 0.17922000000000002 0.086362 0.0 0.595494 0.5975970000000002 0.007600000000000001 0.525403 0.4456840000000001 0.41374099999999997 0.123319
41 UACC-257 p53 49.0 0.017914999999999993 0.017599999999999994 0.5701529999999998 0.49365299999999984 0.430747 0.0 0.5998529999999999 0.601027 0.008904999999999998 0.532798 0.0 0.0 0.12308300000000003
42 CL-34 Zero 49.0 0.0 0.0 0.7799980000000001 0.217259 0.213537 0.0 0.0 0.0 0.802956 0.4068 0.408991 0.409072 0.0
42 CL-34 BRAF 49.0 0.0 0.0 0.7652779999999999 0.23234200000000002 0.22579300000000002 0.0 0.0 0.0 0.806878 0.4126 0.4148 0.4148 0.0
43 HT-144 Zero 49.0 0.05049699999999999 0.05040099999999999 0.45171999999999984 0.553253 0.551232 0.0 0.6185789999999999 0.6494559999999999 0.005228 0.4155999999999998 0.4155999999999998 0.3484939999999999 0.0
42 CL-34 PI3K 49.0 0.0 0.0 0.9999999999999999 0.0 0.0 0.0 0.0 0.0 0.798882 0.415 0.4178 0.418328 0.0
43 HT-144 BRAF 49.0 0.052419999999999994 0.052233999999999996 0.4350379999999998 0.5681300000000001 0.5673020000000001 0.0 0.618469 0.6529489999999998 0.005221999999999999 0.40499999999999986 0.40499999999999986 0.3365879999999999 0.0
43 HT-144 PI3K 49.0 0.045665999999999984 0.04551299999999999 0.902285 0.106752 0.10263900000000002 0.0 0.61121 0.642909 0.005612 0.39359799999999995 0.39359799999999995 0.354624 0.0
42 CL-34 p53 49.0 0.0 0.0 0.553237 0.44503099999999995 0.43595799999999996 0.0 0.0 0.0 0.7900909999999999 0.40579999999999994 0.0 0.0 0.0
43 HT-144 p53 49.0 0.047573000000000004 0.046535999999999994 0.17152100000000003 0.8296319999999998 0.829581 0.0 0.6096000000000001 0.6433070000000001 0.005379 0.40659999999999996 0.0 0.0 0.0
44 COLO-800 Zero 49.0 0.013200000000000003 0.012800000000000002 0.6530329999999998 0.39864399999999994 0.38110400000000005 0.0 0.6075429999999999 0.608895 0.013676 0.6389989999999999 0.6389989999999999 0.4831839999999999 0.0
44 COLO-800 BRAF 49.0 0.014830000000000005 0.013926000000000003 0.6625759999999999 0.3920489999999999 0.37398199999999987 0.0 0.6049149999999999 0.6063499999999998 0.014924 0.6414009999999998 0.6414009999999998 0.489828 0.0
44 COLO-800 PI3K 49.0 0.015400000000000004 0.014000000000000002 0.9710969999999994 0.07465900000000003 0.056727999999999994 0.0 0.6067799999999999 0.6086779999999998 0.016409 0.6426009999999998 0.6426009999999998 0.6345039999999998 0.0
45 G-MEL Zero 49.5 0.0 0.0 0.49178700000000003 0.5078989999999999 0.502585 0.9999979999999998 0.9988279999999999 0.9997409999999999 0.0 0.04659899999999999 0.04659899999999999 0.022439 0.0
44 COLO-800 p53 49.0 0.016399999999999998 0.015579000000000004 0.5530639999999999 0.4873399999999999 0.4731169999999999 0.0 0.604596 0.6058380000000001 0.018342999999999998 0.6315999999999997 0.0 0.0 0.0
45 G-MEL BRAF 49.5 0.0 0.0 0.4843399999999999 0.514546 0.510818 1.0000000000000002 0.9982000000000001 0.9997150000000001 0.0 0.045399999999999996 0.045599999999999995 0.022718 0.0
45 G-MEL PI3K 49.5 0.0 0.0 0.60277 0.40780399999999994 0.39831799999999995 1.0 0.998245 0.9997410000000001 0.0 0.048199 0.048799 0.025283999999999997 0.0
45 G-MEL p53 49.5 0.0 0.0 0.487131 0.5135640000000001 0.5097580000000002 0.9999990000000003 0.9989890000000003 0.9999480000000003 0.0 0.053999 0.0 0.000941 0.0
46 HT55 Zero 49.0 0.09946500000000001 0.10361200000000001 0.668089 0.312499 0.32705800000000007 0.0 0.0 0.07477300000000002 0.461228 0.28819999999999996 0.28819999999999996 0.21972200000000003 0.0
46 HT55 BRAF 49.0 0.09772500000000002 0.10326300000000002 0.6657299999999998 0.31703300000000006 0.329909 0.0 0.0 0.06917200000000001 0.463001 0.2866000000000001 0.28680000000000005 0.209843 0.0
46 HT55 PI3K 49.0 0.092738 0.09784700000000002 0.8103780000000003 0.18359100000000006 0.18948200000000007 0.0 0.0 0.07598300000000002 0.46734300000000006 0.28839899999999985 0.28859899999999983 0.21699100000000002 0.0
47 A2058 Zero 49.0 0.03588699999999999 0.03543099999999999 0.8291119999999998 0.17026500000000003 0.16622600000000004 0.0 0.0 0.0004 0.022663999999999997 0.44239899999999993 0.44239899999999993 0.406171 0.0
46 HT55 p53 49.0 0.09544300000000003 0.10076100000000003 0.6135550000000004 0.3674489999999998 0.3815559999999997 0.0 0.0 0.07625200000000004 0.44969699999999985 0.2813989999999999 0.0 0.0 0.0
47 A2058 BRAF 49.0 0.03459999999999999 0.03439999999999999 0.8277369999999997 0.17624900000000004 0.169968 0.0 0.0 0.0002 0.020572999999999998 0.44179999999999997 0.44179999999999997 0.39774699999999996 0.0
47 A2058 PI3K 49.0 0.033932 0.033204 0.9947349999999999 0.00974 0.00551 0.0 0.0 0.001 0.022692999999999998 0.44880000000000003 0.44880000000000003 0.40501000000000004 0.0
48 SW948 Zero 49.0 0.0 0.0 0.352651 0.472249 0.655288 0.0 0.0 0.0 0.7677559999999999 0.40440000000000004 0.39557100000000006 0.280878 0.0
47 A2058 p53 49.0 0.03865699999999999 0.03809199999999999 0.6789209999999999 0.31540699999999994 0.311857 0.0 0.0 0.0004 0.022753999999999996 0.44179999999999997 0.0 0.0 0.0
48 SW948 BRAF 49.0 0.0 0.0 0.35399700000000006 0.46727100000000005 0.653086 0.0 0.0 0.0 0.773361 0.40680099999999997 0.397905 0.286887 0.0
48 SW948 PI3K 49.0 0.0 0.0 0.959818 0.034950999999999996 0.04544199999999999 0.0 0.0 0.0 0.7682100000000001 0.4050000000000001 0.3976000000000001 0.34177500000000005 0.0
49 HMV-II Zero 49.5 0.027199999999999995 0.08823000000000007 0.5453119999999999 0.5146639999999997 0.3206119999999998 0.9999969999999995 0.951284 0.9868529999999994 0.0 0.31359799999999993 0.289439 0.095483 0.09621600000000008
48 SW948 p53 49.0 0.0 0.0 0.058897 0.665005 0.9429510000000001 0.0 0.0 0.0 0.7781309999999999 0.41299899999999995 0.0 0.0 0.0
49 HMV-II BRAF 49.5 0.021559999999999996 0.08715600000000004 0.5273919999999996 0.5343809999999998 0.33592999999999984 1.0000009999999995 0.9512059999999998 0.9849139999999995 0.0 0.32679999999999976 0.30699999999999994 0.10662000000000002 0.08633400000000006
50 KM12 Zero 49.0 0.0768 0.07659099999999999 0.7910449999999999 0.191479 0.198318 0.0 0.0 0.0 0.5061869999999998 0.4508 0.4508 0.416403 0.0
49 HMV-II PI3K 49.5 0.02619699999999999 0.09056600000000008 0.8109119999999995 0.4104179999999997 0.12979100000000005 1.0000019999999998 0.9503180000000002 0.990285 0.0 0.3064009999999998 0.2843479999999998 0.176656 0.09213000000000007
50 KM12 BRAF 49.0 0.0758 0.0758 0.777664 0.19945700000000002 0.20965300000000003 0.0 0.0 0.0 0.5259000000000001 0.449 0.449 0.412438 0.0
49 HMV-II p53 49.5 0.026083 0.09717900000000003 0.47334999999999994 0.5391989999999999 0.371367 0.9999999999999994 0.9514909999999999 0.9886689999999995 0.0 0.304 0.0 0.0 0.06704800000000002
50 KM12 PI3K 49.0 0.080303 0.08028700000000001 0.9999990000000002 0.0 0.0 0.0 0.0 0.0 0.487181 0.450399 0.450399 0.416265 0.0
50 KM12 p53 49.0 0.08379900000000003 0.08342200000000002 0.5773089999999999 0.3792849999999999 0.3955719999999999 0.0 0.0 0.0 0.504981 0.44300000000000006 0.0 0.0 0.0
51 SNU-81 Zero 49.0 0.04039999999999999 0.04039999999999999 0.41422499999999995 0.6715979999999998 0.47068099999999996 0.0 0.0 0.0 0.7427969999999996 0.40559799999999996 0.40559799999999996 0.294981 0.0
51 SNU-81 BRAF 49.0 0.044328 0.04428 0.41101800000000005 0.6716709999999999 0.47193500000000005 0.0 0.0 0.0 0.7410309999999999 0.4118 0.4118 0.29686999999999997 0.0
51 SNU-81 PI3K 49.0 0.042804 0.042422999999999995 0.7573830000000003 0.4880119999999999 0.212744 0.0 0.0 0.0 0.741325 0.405402 0.405402 0.294874 0.0
52 RKO Zero 49.0 0.0 0.075182 0.5178100000000001 0.5054240000000002 0.4935810000000001 0.0 0.0 0.0 0.032531 0.5315989999999999 0.489829 0.36455200000000004 0.04759
51 SNU-81 p53 49.0 0.044366 0.044083 0.181749 0.7918490000000001 0.6568900000000003 0.0 0.0 0.0 0.727849 0.415998 0.0 0.0 0.0
52 RKO BRAF 49.0 0.0 0.074135 0.4820129999999999 0.5432889999999999 0.5321099999999999 0.0 0.0 0.0 0.046592999999999996 0.5432009999999998 0.5058659999999999 0.3652869999999999 0.044034000000000004
53 RCM-1 Zero 49.0 0.036316999999999995 0.023369 0.629814 0.20523500000000006 0.37361300000000014 0.0 0.0 0.0 0.7057119999999999 0.5856 0.44367900000000005 0.390454 0.0
52 RKO PI3K 49.0 0.0 0.07209900000000002 0.9917989999999999 0.011112 0.010153 0.0 0.0 0.0 0.013501999999999997 0.5295989999999999 0.489106 0.48314199999999996 0.047648
53 RCM-1 BRAF 49.0 0.03907099999999999 0.023258999999999995 0.6204030000000003 0.21963800000000003 0.384159 0.0 0.0 0.0 0.686556 0.573202 0.4318949999999998 0.3831779999999999 0.0
52 RKO p53 49.0 0.0 0.074803 0.3011919999999998 0.715087 0.7090659999999999 0.0 0.0 0.0 0.035727 0.5309999999999999 0.0 0.0 0.04896199999999999
53 RCM-1 PI3K 49.0 0.032999999999999995 0.0188 0.9999999999999998 0.0 0.0 0.0 0.0 0.0 0.6969319999999998 0.5821999999999998 0.43781899999999996 0.42392199999999997 0.0
53 RCM-1 p53 49.0 0.0326 0.0176 0.41075399999999995 0.333572 0.592822 0.0 0.0 0.0 0.701417 0.5793999999999999 0.0 0.0 0.0
54 LS-180 Zero 49.0 0.092398 0.092398 0.5699870000000002 0.25014500000000006 0.28046800000000005 0.0 0.0 0.0 0.9053429999999999 0.41379900000000003 0.43879900000000005 0.28531499999999993 0.012449999999999998
54 LS-180 BRAF 49.0 0.08780000000000002 0.08780000000000002 0.5745709999999998 0.2548729999999999 0.278619 0.0 0.0 0.0 0.900712 0.4121979999999999 0.4396009999999999 0.2895929999999999 0.011088000000000002
55 SNU-C5 Zero 49.0 0.18120000000000008 0.23988200000000004 0.39181899999999986 0.5419039999999998 0.5545659999999998 0.0 0.0 0.0 0.7712909999999998 0.29719599999999985 0.27829699999999974 0.24441400000000005 0.07656900000000003
54 LS-180 PI3K 49.0 0.09120000000000002 0.09120000000000002 0.694123 0.190866 0.20767899999999997 0.0 0.0 0.0006000000000000001 0.9061359999999998 0.41580000000000006 0.43905700000000003 0.29755800000000004 0.010117000000000001
55 SNU-C5 BRAF 49.0 0.17300100000000007 0.23431400000000013 0.37277899999999997 0.5573419999999998 0.5689359999999996 0.0 0.0 0.0 0.7879599999999995 0.284801 0.26480000000000004 0.2346000000000001 0.07537300000000001
55 SNU-C5 PI3K 49.0 0.171995 0.24248900000000004 0.9859869999999998 0.013733000000000002 0.013445000000000002 0.0 0.0 0.0 0.7670349999999998 0.3066009999999999 0.280809 0.27963799999999994 0.07913700000000001
54 LS-180 p53 49.0 0.091 0.091 0.4224480000000001 0.3313200000000001 0.3655570000000001 0.0 0.0 0.0 0.89696 0.40619900000000014 0.0 0.0 0.0
55 SNU-C5 p53 49.0 0.173634 0.237325 0.184965 0.7316689999999999 0.75059 0.0 0.0 0.0 0.7824289999999997 0.2923989999999999 0.0 0.0015550000000000002 0.063568
56 SK-MEL-28 Zero 49.0 0.017473 0.011285 0.7799910000000001 0.41912 0.18760700000000002 0.0 0.5927059999999998 0.5936239999999998 0.007737 0.686999 0.686999 0.563845 0.0
56 SK-MEL-28 BRAF 49.0 0.017400999999999996 0.012112 0.7755149999999997 0.42934799999999984 0.18815 0.0 0.5913219999999998 0.5936939999999997 0.009011000000000002 0.6887999999999997 0.6887999999999997 0.564257 0.0
56 SK-MEL-28 PI3K 49.0 0.015025000000000004 0.009400000000000002 0.9999999999999999 0.26310899999999987 0.0 0.0 0.5923479999999999 0.5932809999999998 0.012364 0.6958 0.6958 0.5868490000000001 0.0
56 SK-MEL-28 p53 49.0 0.0162 0.009600000000000003 0.28675199999999995 0.7275920000000001 0.6045020000000001 0.0 0.5948370000000002 0.5956190000000001 0.009746999999999999 0.7013980000000001 0.0 0.0 0.0
57 Hs-940-T Zero 49.0 0.208753 0.20418099999999997 0.621825 0.30993799999999994 0.370218 0.0 0.0 0.0 0.10158600000000001 0.23379999999999998 0.23379999999999998 0.23540099999999997 0.0
57 Hs-940-T BRAF 49.0 0.216569 0.21178599999999997 0.613223 0.319555 0.37672400000000006 0.0 0.0 0.0 0.099581 0.227599 0.227599 0.228992 0.0
57 Hs-940-T PI3K 49.0 0.20451900000000003 0.20143400000000003 0.9998009999999999 0.0002 0.0002 0.0 0.0 0.0 0.103857 0.23620099999999997 0.23620099999999997 0.23780099999999998 0.0
58 COLO-320 Zero 49.0 0.0 0.0 0.4804710000000001 0.5337339999999998 0.5290109999999999 0.0 0.0 0.0 0.0012000000000000001 0.3684000000000001 0.3684000000000001 0.11190299999999999 0.0
58 COLO-320 BRAF 49.0 0.0 0.0 0.4837549999999999 0.5274300000000001 0.5242060000000001 0.0 0.0 0.0 0.0002 0.36300099999999996 0.36300099999999996 0.113316 0.0
57 Hs-940-T p53 49.0 0.21660199999999996 0.21309099999999997 0.49789799999999995 0.41415199999999996 0.48553299999999977 0.0 0.0 0.0 0.102805 0.23900000000000002 0.0 0.001913 0.0
58 COLO-320 PI3K 49.0 0.0 0.0 1.0000000000000002 0.0 0.0 0.0 0.0 0.0 0.0007999999999999999 0.36839999999999995 0.36839999999999995 0.21214 0.0
58 COLO-320 p53 49.0 0.0 0.0 0.27560600000000013 0.7376279999999998 0.7341379999999998 0.0 0.0 0.0 0.001313 0.37500000000000006 0.0 0.0 0.0
59 SK-MEL-24 Zero 49.0 0.138354 0.12654700000000002 0.2449660000000001 0.8225219999999999 0.8218749999999998 0.0 0.622459 0.6289759999999999 0.031042 0.2897989999999999 0.2897989999999999 0.139762 0.0
59 SK-MEL-24 BRAF 49.0 0.13784400000000002 0.12696300000000005 0.23586700000000002 0.8291360000000002 0.8287430000000001 0.0 0.6116090000000001 0.6179340000000001 0.03976199999999999 0.2994019999999999 0.2994019999999999 0.13700800000000005 0.0
59 SK-MEL-24 PI3K 49.0 0.13648700000000002 0.12405099999999998 0.9988620000000001 0.050518999999999994 0.047770999999999994 0.0 0.6132870000000001 0.622194 0.026659 0.2922 0.2922 0.2918 0.0
60 SW403 Zero 49.0 0.018085000000000004 0.010600000000000002 0.5420290000000003 0.18806500000000007 0.424323 0.0 0.0 0.009999999999999998 0.500917 0.4127999999999998 0.4063999999999997 0.16492799999999994 0.0
59 SK-MEL-24 p53 49.0 0.146463 0.13442 0.146719 0.8951699999999998 0.8961989999999997 0.0 0.619222 0.6277179999999999 0.034705 0.2905999999999999 0.0 0.0 0.0
60 SW403 BRAF 49.0 0.0232 0.014994 0.5521630000000001 0.18731 0.40804200000000007 0.0 0.0 0.012958 0.5107179999999999 0.4045989999999999 0.3981599999999998 0.16776200000000002 0.0
60 SW403 PI3K 49.0 0.02275799999999999 0.013975 0.690847 0.12842100000000004 0.2856799999999999 0.0 0.0 0.009766 0.4839009999999998 0.40520099999999976 0.3975799999999999 0.202225 0.0
60 SW403 p53 49.0 0.021599999999999998 0.014929000000000001 0.506755 0.201925 0.44873000000000013 0.0 0.0 0.013613999999999998 0.49689300000000003 0.4137990000000001 0.0 0.0 0.0
61 SW1116 Zero 49.0 0.19840100000000008 0.1981750000000001 0.24254500000000007 0.584811 0.824848 0.0 0.0 0.026423999999999993 0.9148160000000001 0.5382 0.5388000000000001 0.21960800000000008 0.0004
61 SW1116 BRAF 49.0 0.18988299999999997 0.18988199999999997 0.23909300000000003 0.5764419999999998 0.830372 0.0 0.0 0.027433000000000003 0.9257949999999999 0.5362009999999998 0.5367379999999998 0.21728499999999998 0.00015099999999999998
61 SW1116 PI3K 49.0 0.19691600000000004 0.19661200000000004 0.6349449999999998 0.3503320000000001 0.4944060000000001 0.0 0.0 0.031397999999999995 0.9015459999999998 0.525399 0.5265989999999999 0.327088 0.0004
62 LS-411N Zero 49.0 0.040600000000000004 0.040600000000000004 0.5709940000000001 0.430933 0.394246 0.0 0.0 0.0 0.5216099999999998 0.49120099999999994 0.455173 0.35975299999999993 0.0
61 SW1116 p53 49.0 0.18981600000000007 0.18966500000000008 0.03662299999999999 0.690474 0.9669559999999997 0.0 0.0 0.027986999999999995 0.913524 0.5379999999999998 0.0 0.0 0.0
62 LS-411N BRAF 49.0 0.038799999999999994 0.038799999999999994 0.5695599999999998 0.43204699999999996 0.39127500000000004 0.0 0.0 0.0 0.5256469999999998 0.48980199999999996 0.456497 0.363804 0.0
62 LS-411N PI3K 49.0 0.0338 0.0338 0.9972500000000001 0.007086999999999999 0.0028 0.0 0.0 0.0 0.5138499999999999 0.4938019999999999 0.45666899999999994 0.397441 0.0
63 SH-4 Zero 49.0 0.0336 0.031191999999999998 0.7878619999999997 0.39682399999999995 0.3736049999999999 0.0 0.0 0.0 0.01611 0.5743999999999999 0.562375 0.5599959999999999 0.0
63 SH-4 BRAF 49.0 0.03528299999999998 0.032316999999999985 0.8011959999999998 0.38918099999999994 0.363816 0.0 0.0 0.0 0.017349999999999997 0.5865999999999998 0.5753629999999998 0.5727789999999998 0.0
62 LS-411N p53 49.0 0.04320200000000001 0.04320200000000001 0.31529300000000005 0.6397210000000001 0.619047 0.0 0.0 0.0 0.5164559999999999 0.48040000000000005 0.0 0.0 0.0
63 SH-4 PI3K 49.0 0.027517 0.0252 0.9993999999999997 0.17469500000000004 0.14862100000000003 0.0 0.0 0.0 0.013200000000000002 0.5673999999999999 0.5559999999999999 0.5578 0.0
64 MZ2-MEL Zero 49.5 0.077813 0.08253700000000003 0.57377 0.407873 0.376017 1.000002 0.9937760000000002 0.996495 0.0 0.703401 0.703401 0.516188 0.0
63 SH-4 p53 49.0 0.0322 0.03022 0.5375279999999999 0.5909089999999999 0.5754529999999999 0.0 0.0 0.0 0.014989 0.5798 0.0 0.006075 0.0
64 MZ2-MEL BRAF 49.5 0.08246500000000001 0.09007100000000001 0.5668019999999999 0.41282499999999994 0.38626800000000006 1.000001 0.992935 0.9964639999999998 0.0 0.7176 0.7174 0.514733 0.0006000000000000001
64 MZ2-MEL PI3K 49.5 0.08045900000000002 0.084314 0.9999989999999996 0.0004 0.0 0.9999989999999996 0.9925619999999999 0.9953579999999997 0.0 0.7127999999999998 0.7127999999999998 0.7123999999999998 0.0
65 SW626 Zero 49.0 0.12678600000000004 0.12509700000000004 0.5074160000000001 0.5888189999999995 0.6724129999999995 0.0 0.0 0.0 0.8071229999999998 0.5741989999999996 0.5741989999999996 0.3891880000000001 0.0
64 MZ2-MEL p53 49.5 0.08297500000000002 0.088857 0.089669 0.7951609999999999 0.796965 1.0000009999999997 0.9925659999999998 0.9961389999999999 0.0 0.7043999999999998 0.0 0.0 0.0002
65 SW626 BRAF 49.0 0.128452 0.125718 0.5029960000000002 0.5889829999999999 0.6761369999999999 0.0 0.0 0.0 0.8241469999999999 0.572401 0.572401 0.39967299999999994 0.0
65 SW626 PI3K 49.0 0.11373499999999999 0.110869 0.9812079999999997 0.19044700000000003 0.20164700000000008 0.0 0.0 0.0 0.8018069999999999 0.5829999999999997 0.5829999999999997 0.566815 0.0
66 SK-MEL-31 Zero 49.0 0.11404700000000001 0.10396 0.24890500000000004 0.9184149999999994 0.9044639999999995 0.0 0.6156360000000001 0.621528 0.020727999999999993 0.18379700000000004 0.18379700000000004 0.109888 0.0
65 SW626 p53 49.0 0.11945700000000002 0.11768700000000001 0.21615 0.7477999999999999 0.8636360000000001 0.0 0.0 0.0 0.8194890000000002 0.5738010000000001 0.0 0.0 0.0
66 SK-MEL-31 BRAF 49.0 0.11790000000000006 0.106754 0.24843300000000013 0.9164879999999994 0.8987699999999995 0.0 0.6158619999999999 0.6207279999999997 0.02505 0.18380100000000002 0.18380100000000002 0.11214600000000005 0.0
66 SK-MEL-31 PI3K 49.0 0.11197100000000004 0.10107500000000003 0.9999980000000002 0.4047410000000001 0.36376300000000006 0.0 0.6067240000000002 0.6131170000000002 0.016433000000000003 0.18479800000000005 0.18479800000000005 0.19553000000000006 0.0
67 WM-115 Zero 49.0 0.07542500000000003 0.07460800000000005 0.483262 0.5935109999999997 0.5841139999999997 0.0 0.6249969999999997 0.6468039999999996 0.05216499999999997 0.4268 0.42352600000000007 0.3860820000000001 0.007599999999999997
66 SK-MEL-31 p53 49.0 0.11708300000000008 0.10617800000000004 0.18636400000000009 0.9425419999999998 0.9312139999999997 0.0 0.6226759999999999 0.627512 0.02234299999999999 0.19000100000000003 0.0 0.014412000000000001 0.0
67 WM-115 BRAF 49.0 0.08519300000000002 0.08379000000000003 0.48886999999999986 0.579982 0.5722709999999998 0.0 0.6003709999999999 0.6282939999999999 0.046491000000000005 0.42579599999999995 0.421264 0.384608 0.010203000000000002
68 SK-MEL-3 Zero 49.0 0.0 0.0 0.509809 0.7345319999999997 0.5547389999999998 0.0 0.0 0.0 0.027428 0.5772009999999999 0.5772009999999999 0.37418100000000004 0.0
67 WM-115 PI3K 49.0 0.07880700000000004 0.07820200000000002 0.9921029999999994 0.031521999999999994 0.027375999999999994 0.0 0.6165929999999995 0.6387159999999994 0.049575999999999995 0.43240099999999987 0.429201 0.4364009999999998 0.008343
68 SK-MEL-3 BRAF 49.0 0.0 0.0 0.49227999999999994 0.7535479999999999 0.570064 0.0 0.0 0.0 0.026112999999999997 0.5663999999999999 0.5663999999999999 0.35934399999999994 0.0
67 WM-115 p53 49.0 0.07790800000000002 0.07648800000000003 0.2137710000000001 0.8330789999999998 0.8296339999999996 0.0 0.6141880000000001 0.6399459999999998 0.047551999999999976 0.4221999999999998 0.0 0.027971999999999997 0.006742999999999998
68 SK-MEL-3 PI3K 49.0 0.0 0.0 0.6990440000000001 0.61444 0.3818359999999999 0.0 0.0 0.0 0.028929 0.5844 0.5844 0.402864 0.0
68 SK-MEL-3 p53 49.0 0.0 0.0 0.298402 0.8502519999999997 0.7434659999999998 0.0 0.0 0.0 0.028379999999999996 0.5813999999999999 0.0 0.0 0.0
69 COLO-678 Zero 49.0 0.1272 0.18755100000000008 0.4535449999999998 0.7931709999999996 0.7910389999999999 0.0 0.0 0.0 0.8722329999999998 0.6926009999999999 0.512323 0.41390299999999997 0.251551
69 COLO-678 BRAF 49.0 0.13300100000000004 0.19456100000000004 0.44370899999999996 0.807038 0.80493 0.0 0.0 0.0 0.868427 0.685802 0.5035949999999999 0.4098089999999999 0.26052399999999987
70 LS1034 Zero 49.0 0.039799999999999995 0.0264 0.7895539999999999 0.16954200000000005 0.20412000000000005 0.0 0.0 0.0 0.2394750000000001 0.37460000000000004 0.375 0.34572800000000004 0.0002
69 COLO-678 PI3K 49.0 0.12800099999999998 0.19782200000000005 1.000002 0.262029 0.259483 0.0 0.0 0.0 0.8643419999999998 0.6890009999999998 0.5012909999999999 0.5030299999999999 0.2681489999999998
70 LS1034 BRAF 49.0 0.041599 0.026 0.7884219999999998 0.17431 0.20604400000000006 0.0 0.0 0.0 0.24139900000000009 0.36160100000000006 0.36220100000000005 0.32810500000000004 0.00019999999999999998
69 COLO-678 p53 49.0 0.13200100000000006 0.19671400000000014 0.09622300000000002 0.9741349999999995 0.9755749999999996 0.0 0.0 0.0 0.8707099999999999 0.6943999999999999 0.0 0.005091999999999999 0.25326000000000004
70 LS1034 PI3K 49.0 0.042653 0.022872999999999998 0.9164229999999997 0.07687400000000004 0.08422200000000005 0.0 0.0 0.0 0.23572400000000007 0.384001 0.385001 0.349193 0.0
71 CP50-MEL-B Zero 49.5 0.024200999999999997 0.09375500000000003 0.5897639999999998 0.41203399999999984 0.4006699999999999 0.9999999999999996 0.9789789999999996 0.9915599999999998 0.0 0.837 0.8313510000000001 0.24517700000000006 0.010094999999999998
70 LS1034 p53 49.0 0.04398400000000001 0.025747000000000003 0.6951119999999998 0.23574600000000004 0.29224599999999995 0.0 0.0 0.0 0.232165 0.365599 0.0 0.0 0.0
71 CP50-MEL-B BRAF 49.5 0.0212 0.09508100000000003 0.5948599999999999 0.40684799999999993 0.3946659999999999 0.9999979999999998 0.981165 0.991925 0.0 0.829799 0.822799 0.23747100000000002 0.009277
72 Mewo Zero 49.0 0.0 0.0 0.32254700000000003 0.797694 0.6104179999999999 0.0 0.0 0.0 0.001512 0.369401 0.369401 0.073422 0.0
71 CP50-MEL-B PI3K 49.5 0.026492999999999996 0.09625000000000004 0.7271110000000001 0.27952899999999986 0.265146 1.0000030000000002 0.972475 0.98753 0.0 0.8334020000000001 0.8268760000000002 0.4208819999999999 0.007859000000000001
72 Mewo BRAF 49.0 0.0 0.0 0.31684499999999993 0.794211 0.615282 0.0 0.0 0.0 0.0011780000000000002 0.37599999999999995 0.37599999999999995 0.07627800000000001 0.0
72 Mewo PI3K 49.0 0.0 0.0 0.511108 0.7111809999999998 0.458308 0.0 0.0 0.0 0.001 0.36039899999999997 0.36039899999999997 0.07998400000000001 0.0
71 CP50-MEL-B p53 49.5 0.0242 0.09802800000000003 0.46879399999999993 0.515189 0.5172799999999999 1.000001 0.9777809999999999 0.9924699999999997 0.0 0.8320009999999998 0.0 0.0002 0.007554999999999998
72 Mewo p53 49.0 0.0 0.0 0.21877 0.835336 0.6996069999999999 0.0 0.0 0.0 0.0006000000000000001 0.37320100000000006 0.0 0.0 0.0
73 LB373-MEL-D Zero 49.5 0.03552399999999999 0.3850409999999998 0.31882100000000013 0.7872319999999996 0.6680499999999997 0.999996999999999 0.028153 0.051680999999999984 0.011531000000000003 0.8677979999999994 0.8254959999999997 0.18872599999999998 0.04778899999999997
73 LB373-MEL-D BRAF 49.5 0.034799 0.3943209999999997 0.3102349999999998 0.7845730000000003 0.6779720000000001 0.9999999999999997 0.03967299999999998 0.06838100000000001 0.009909999999999999 0.8636019999999998 0.8182390000000002 0.18570800000000004 0.052400999999999996
74 LoVo Zero 49.0 0.11585000000000001 0.11580000000000001 0.671914 0.3090599999999999 0.33385299999999996 0.0 0.0 0.0 0.765118 0.454001 0.453601 0.453001 0.0012000000000000001
73 LB373-MEL-D PI3K 49.5 0.03845 0.3856539999999995 0.6858629999999997 0.5462489999999997 0.3100049999999998 0.9999969999999992 0.025475 0.044726999999999996 0.0054009999999999996 0.8669979999999997 0.8266069999999999 0.520871 0.04738399999999998
74 LoVo BRAF 49.0 0.11600000000000002 0.11600000000000002 0.6641 0.32148499999999985 0.34428999999999993 0.0 0.0 0.0 0.779279 0.4446009999999998 0.4444009999999998 0.44420099999999985 0.0008
73 LB373-MEL-D p53 49.5 0.03634499999999999 0.3932779999999998 0.20222600000000018 0.8330069999999997 0.7814319999999997 0.9999949999999997 0.035341 0.059237 0.007496999999999998 0.865796 0.0 0.0036630000000000005 0.05398599999999998
74 LoVo PI3K 49.0 0.11596000000000004 0.11573900000000004 0.998813 0.002526 0.002463 0.0 0.0 0.0 0.77468 0.46499999999999997 0.4642 0.4642 0.0012000000000000001
75 MEL-HO Zero 49.0 0.0 0.0 0.354306 0.896575 0.8761269999999999 0.0 0.0 0.0 0.036545 0.3929999999999999 0.39039999999999997 0.22084199999999998 0.0
75 MEL-HO BRAF 49.0 0.0 0.0 0.3526059999999999 0.9005730000000001 0.880703 0.0 0.0 0.0 0.036625000000000005 0.3938 0.3918 0.212279 0.0
74 LoVo p53 49.0 0.118202 0.11806 0.39218299999999995 0.5781869999999999 0.6171579999999995 0.0 0.0 0.0 0.7686059999999997 0.465602 0.0 0.0 0.000624
75 MEL-HO PI3K 49.0 0.0 0.0 0.607399 0.819744 0.784586 0.0 0.0 0.0 0.036348 0.402201 0.400601 0.27117499999999994 0.0
75 MEL-HO p53 49.0 0.0 0.0 0.271848 0.9232210000000003 0.9043950000000002 0.0 0.0 0.0 0.033716 0.40259999999999996 0.0 0.0 0.0
76 SNU-175 Zero 49.0 0.053598 0.060197999999999995 0.536957 0.451748 0.46593 0.0 0.0 0.0 0.620618 0.44339999999999985 0.44339999999999985 0.3543589999999999 0.0
76 SNU-175 BRAF 49.0 0.059 0.06402200000000001 0.5310819999999999 0.45580999999999994 0.4708099999999999 0.0 0.0 0.0 0.6375890000000001 0.45380100000000007 0.45380100000000007 0.373635 0.0
76 SNU-175 PI3K 49.0 0.0556 0.062641 0.8323409999999998 0.17615700000000004 0.17472500000000005 0.0 0.0 0.0 0.6275769999999998 0.44179699999999994 0.44179699999999994 0.36238099999999995 0.0
77 SW620 Zero 49.0 0.12698900000000005 0.11806000000000001 0.6732449999999998 0.34603 0.33007400000000003 0.0 0.0 0.0 0.005719 0.6884019999999997 0.6887649999999997 0.311159 0.0
76 SNU-175 p53 49.0 0.054201999999999986 0.06200199999999999 0.2908899999999999 0.6808080000000002 0.7058619999999998 0.0 0.0 0.0 0.6276240000000001 0.448003 0.0 0.0 0.0
77 SW620 BRAF 49.0 0.132354 0.12063300000000005 0.6537349999999998 0.3680939999999998 0.3508269999999999 0.0 0.0 0.0 0.016792 0.689 0.689 0.30091799999999996 0.0
77 SW620 PI3K 49.0 0.12685399999999997 0.115491 0.878721 0.14135500000000006 0.126573 0.0 0.0 0.0 0.004824 0.680201 0.6806009999999999 0.34342999999999996 0.0
78 HT-29 Zero 49.0 0.0018520000000000001 0.004698 0.38971700000000004 0.6181739999999998 0.6319079999999999 0.0 0.0 0.001 0.7876129999999999 0.4122009999999999 0.4122009999999999 0.288035 0.0
77 SW620 p53 49.0 0.12990399999999996 0.12142 0.29273899999999997 0.7181500000000001 0.708867 0.0 0.0 0.0 0.008203 0.6942010000000001 0.0 0.0 0.0
78 HT-29 BRAF 49.0 0.002 0.0028750000000000004 0.37813900000000006 0.6222009999999998 0.6396449999999998 0.0 0.0 0.0023820000000000004 0.8193539999999999 0.4132 0.4132 0.292508 0.0
78 HT-29 PI3K 49.0 0.001853 0.0038000000000000004 0.7735529999999999 0.254194 0.258579 0.0 0.0 0.0014000000000000002 0.7736639999999999 0.4067989999999999 0.4067989999999999 0.29692899999999994 0.0
79 CHL-1 Zero 49.5 0.18532400000000007 0.26754 0.25972300000000004 0.938379 0.9151050000000001 1.0000019999999998 0.8470390000000002 0.917359 0.0 0.5334019999999998 0.5334019999999998 0.173813 0.0
78 HT-29 p53 49.0 0.002759 0.0038000000000000004 0.14362400000000003 0.8345899999999999 0.8626499999999999 0.0 0.0 0.001324 0.802193 0.40559899999999993 0.0 0.0 0.0
79 CHL-1 BRAF 49.5 0.18717500000000004 0.26583699999999977 0.2566809999999999 0.9393719999999997 0.9142169999999998 0.9999989999999996 0.8478570000000001 0.915757 0.0 0.5259999999999996 0.5259999999999996 0.16634700000000005 0.0
79 CHL-1 PI3K 49.5 0.19956899999999994 0.2768159999999999 0.9979849999999999 0.5567079999999998 0.46755399999999986 0.9999999999999999 0.8315040000000002 0.9000690000000001 0.0 0.538801 0.538801 0.48278699999999997 0.0
80 COLO-679 Zero 49.0 0.0 0.0 0.5562170000000001 0.735806 0.589241 0.0 0.601946 0.6084209999999999 0.00651 0.6053999999999997 0.6023789999999998 0.47288300000000005 0.0
79 CHL-1 p53 49.5 0.195981 0.273825 0.005126999999999999 0.9995989999999995 0.9993989999999995 0.9999989999999996 0.8490099999999998 0.9243549999999998 0.0 0.535999 0.0 0.0 0.0
80 COLO-679 BRAF 49.0 0.0 0.0 0.543736 0.7435359999999998 0.5936579999999998 0.0 0.6077889999999998 0.6131139999999997 0.005887 0.594599 0.590521 0.45698599999999995 0.0
80 COLO-679 PI3K 49.0 0.0 0.0 0.9905109999999996 0.44994600000000007 0.175903 0.0 0.6098669999999998 0.6169139999999999 0.0058000000000000005 0.5932009999999998 0.5886009999999998 0.5876009999999998 0.0
81 LB2518-MEL Zero 49.5 0.015000000000000001 0.019577999999999998 0.6094800000000001 0.37862899999999994 0.375904 1.000002 0.9735650000000001 0.9869100000000002 0.0 0.8380009999999999 0.8380009999999999 0.25736499999999995 0.0
80 COLO-679 p53 49.0 0.0 0.0 0.317549 0.8393049999999997 0.752354 0.0 0.6185719999999999 0.6242519999999998 0.005628000000000001 0.5987999999999998 0.0 0.0 0.0
81 LB2518-MEL BRAF 49.5 0.015201000000000004 0.020401000000000002 0.593606 0.3961579999999999 0.3929189999999999 0.9999989999999997 0.9793119999999997 0.9907509999999997 0.0 0.8279999999999998 0.8279999999999998 0.250006 0.0
81 LB2518-MEL PI3K 49.5 0.015432 0.021796 0.891162 0.11552700000000002 0.105862 1.000001 0.9634199999999999 0.9791539999999999 0.0 0.830401 0.830401 0.662686 0.0
82 K2 Zero 49.5 0.015400000000000002 0.014797000000000003 0.14077200000000006 0.898853 0.9040939999999998 1.000001 0.227753 0.520047 0.024281999999999995 0.25160099999999996 0.25160099999999996 0.10240500000000002 0.0
81 LB2518-MEL p53 49.5 0.014442999999999998 0.020513999999999998 0.48777899999999996 0.490788 0.49414 1.0000019999999996 0.9796149999999998 0.9888679999999996 0.0 0.8392009999999998 0.0 0.0 0.0
82 K2 BRAF 49.5 0.016399000000000004 0.016199 0.143654 0.8908479999999994 0.8945079999999995 1.0000009999999995 0.23250199999999996 0.5219520000000001 0.031712 0.25520199999999993 0.25520199999999993 0.106641 0.0
82 K2 PI3K 49.5 0.015754000000000004 0.015400000000000004 0.5902609999999998 0.5171069999999999 0.5179039999999999 0.9999989999999999 0.14201299999999997 0.49872800000000006 0.012487999999999999 0.26039799999999996 0.26039799999999996 0.14610000000000004 0.0
83 GAK Zero 49.5 0.0 0.0 0.19003600000000004 0.8166879999999996 0.8137489999999997 0.9999999999999996 0.26306799999999997 0.20201100000000002 0.025219 0.5175989999999997 0.5015539999999999 0.13863300000000003 0.0058
82 K2 p53 49.5 0.0184 0.018000000000000002 0.05410799999999999 0.9620029999999999 0.965729 0.9999999999999998 0.23849700000000001 0.5348399999999999 0.029351 0.2623999999999999 0.0 0.0 0.0
83 GAK BRAF 49.5 0.0 0.0 0.20629000000000003 0.8029430000000001 0.7985450000000001 1.0000009999999997 0.27553799999999984 0.21147 0.028859000000000003 0.520802 0.5066319999999999 0.150184 0.003998000000000001
83 GAK PI3K 49.5 0.0 0.0 0.4443979999999999 0.5670379999999999 0.5617269999999999 0.9999960000000001 0.23895699999999997 0.17881699999999998 0.022999999999999996 0.5081989999999997 0.49724599999999997 0.22392099999999995 0.004163
83 GAK p53 49.5 0.0 0.0 0.10563700000000002 0.897376 0.895865 0.999999 0.26874699999999996 0.21113800000000002 0.029407999999999997 0.5062009999999999 0.0 0.0019850000000000002 0.0049809999999999984
84 M14 Zero 49.5 0.014489000000000004 0.013168000000000003 0.26823299999999983 0.8852489999999996 0.7839219999999998 0.9999969999999997 0.9079669999999997 0.8919589999999998 0.0 0.7965969999999999 0.7965969999999999 0.21269000000000005 0.0
84 M14 BRAF 49.5 0.016399999999999998 0.014600000000000002 0.25790599999999997 0.8968979999999995 0.7874589999999998 0.9999989999999995 0.9123729999999997 0.8974769999999999 0.0 0.8091989999999998 0.8095989999999997 0.202366 0.0004
84 M14 PI3K 49.5 0.017999999999999995 0.017258 0.7021339999999999 0.6099619999999998 0.3561559999999999 0.9999969999999998 0.907515 0.8893249999999998 0.0 0.7995979999999999 0.7997979999999999 0.497528 0.0
85 CaR-1 Zero 49.0 0.08159899999999999 0.08159899999999999 0.44946300000000017 0.545926 0.5498139999999999 0.0 0.0 0.0 0.7475019999999999 0.5607989999999999 0.5615989999999998 0.44400700000000004 0.0
84 M14 p53 49.5 0.0186 0.0182 0.006717000000000001 0.999399 0.9957599999999999 0.999999 0.907378 0.8918980000000001 0.0 0.8025990000000001 0.0 0.0 0.0
85 CaR-1 BRAF 49.0 0.08400100000000002 0.08400100000000002 0.455362 0.542419 0.5448939999999999 0.0 0.0 0.0 0.750511 0.5558010000000001 0.5566010000000001 0.44931399999999994 0.0002
85 CaR-1 PI3K 49.0 0.08199999999999999 0.08199999999999999 0.9998 0.0002 0.0002 0.0 0.0 0.0 0.7387809999999999 0.5628 0.5631999999999999 0.5631999999999999 0.0
86 MEL-JUSO Zero 49.0 0.026548000000000002 0.013342 0.711675 0.29044499999999984 0.29086399999999984 0.0 0.0 0.0 0.00972 0.3141999999999999 0.3141999999999999 0.31339999999999996 0.0
85 CaR-1 p53 49.0 0.08499999999999999 0.08499999999999999 0.011610999999999998 0.9810209999999999 0.9844939999999998 0.0 0.0 0.0 0.7414629999999999 0.5527989999999998 0.0 0.0 0.0
86 MEL-JUSO BRAF 49.0 0.026565 0.014728999999999999 0.716894 0.28327299999999994 0.28432999999999997 0.0 0.0 0.0 0.0096 0.3256 0.3256 0.3252 0.0
86 MEL-JUSO PI3K 49.0 0.024626999999999996 0.013681 0.997862 0.007436 0.005468 0.0 0.0 0.0 0.009894 0.32499999999999996 0.32499999999999996 0.32459999999999994 0.0
86 MEL-JUSO p53 49.0 0.021362999999999997 0.013000000000000001 0.5863179999999999 0.412392 0.415137 0.0 0.0 0.0 0.010488 0.31939999999999996 0.0 0.0 0.0
87 A101D Zero 49.0 0.023599999999999993 0.023399999999999994 0.5423480000000002 0.8040339999999999 0.7257969999999999 0.0 0.6046349999999999 0.6228090000000001 0.060968 0.5095970000000001 0.5076860000000001 0.38866800000000007 0.001
87 A101D BRAF 49.0 0.024599999999999993 0.024599999999999993 0.5201239999999997 0.8176819999999995 0.7456149999999996 0.0 0.6166819999999998 0.6337249999999995 0.07198500000000002 0.5024009999999999 0.501057 0.384087 0.0008
88 OUMS-23 Zero 49.0 0.11340000000000001 0.40455599999999997 0.76448 0.22945000000000002 0.22160799999999994 0.0 0.0 0.0 0.591954 0.45199900000000004 0.45199900000000004 0.32852999999999993 0.0
87 A101D PI3K 49.0 0.022272 0.021421 0.9999989999999996 0.49025 0.344197 0.0 0.6171939999999998 0.6378549999999998 0.053951999999999986 0.49599899999999997 0.494399 0.494399 0.0014550000000000001
88 OUMS-23 BRAF 49.0 0.119399 0.41014699999999993 0.7655229999999998 0.225421 0.21821700000000002 0.0 0.0 0.0 0.5812179999999999 0.4571999999999999 0.45739999999999986 0.336472 0.0
87 A101D p53 49.0 0.0256 0.025131999999999998 0.2965760000000001 0.880527 0.8439510000000001 0.0 0.60947 0.6295269999999998 0.06373100000000001 0.48719899999999994 0.0 0.0 0.0006000000000000001
88 OUMS-23 PI3K 49.0 0.11320000000000001 0.407911 0.9948879999999998 0.0072 0.005226 0.0 0.0 0.0 0.5757589999999997 0.453799 0.453799 0.424985 0.0
89 CP66-MEL Zero 49.5 0.0 0.06665900000000002 0.6112039999999997 0.5132169999999997 0.3427650000000001 0.9999999999999994 0.9677709999999996 0.9801669999999995 0.0 0.6267999999999996 0.6263999999999996 0.5941009999999998 0.0007379999999999999
88 OUMS-23 p53 49.0 0.10880000000000002 0.39864700000000003 0.729295 0.26360600000000006 0.25542000000000004 0.0 0.0 0.0 0.5794799999999999 0.44120200000000004 0.0 0.0 0.0
89 CP66-MEL BRAF 49.5 0.0 0.06669700000000002 0.6111899999999998 0.5276059999999997 0.34822799999999987 1.000001 0.9732679999999998 0.985991 0.0 0.6323999999999999 0.6319999999999998 0.594213 0.001152
89 CP66-MEL PI3K 49.5 0.0 0.07347200000000002 0.9865139999999999 0.20910700000000004 0.011229999999999999 1.000001 0.9628039999999999 0.9800169999999997 0.0 0.6414000000000001 0.6414000000000001 0.6377189999999999 0.001
90 COLO-201 Zero 49.0 0.0 0.0 0.678488 0.300012 0.30581600000000003 0.0 0.0 0.0 0.8984110000000001 0.364799 0.364799 0.268511 0.0
90 COLO-201 BRAF 49.0 0.0 0.0 0.6611310000000001 0.31500999999999996 0.320313 0.0 0.0 0.0 0.9028980000000001 0.37220099999999995 0.37220099999999995 0.27465700000000004 0.0
89 CP66-MEL p53 49.5 0.0 0.07407400000000006 0.053487999999999994 0.8584509999999997 0.8312229999999998 1.0000019999999996 0.9745529999999997 0.9874279999999995 0.0 0.6382009999999998 0.0 0.011510999999999999 0.000514
90 COLO-201 PI3K 49.0 0.0 0.0 0.9918259999999999 0.0082 0.008 0.0 0.0 0.0 0.9003049999999998 0.364399 0.364399 0.27553500000000003 0.0
91 SW48 Zero 49.0 0.0 0.0 0.5482139999999999 0.432548 0.455095 0.0 0.0 0.0 0.7821069999999999 0.5259989999999999 0.5259989999999999 0.4763880000000001 0.0
91 SW48 BRAF 49.0 0.0 0.0 0.529783 0.44826999999999995 0.4740889999999999 0.0 0.0 0.0 0.826896 0.541 0.541 0.49026999999999993 0.0
90 COLO-201 p53 49.0 0.0 0.0 0.512391 0.44958699999999996 0.45913299999999996 0.0 0.0 0.0 0.896942 0.3746 0.0 0.0 0.0
91 SW48 PI3K 49.0 0.0 0.0 0.984847 0.016469 0.016181 0.0 0.0 0.0 0.7643130000000001 0.5301980000000001 0.5301980000000001 0.523887 0.0
92 SNU-407 Zero 49.0 0.268199 0.268199 0.807792 0.172898 0.17733000000000002 0.0 0.0 0.0 0.027183 0.46199999999999997 0.46199999999999997 0.46219999999999994 0.001
91 SW48 p53 49.0 0.0 0.0 0.16378000000000004 0.778296 0.8349980000000001 0.0 0.0 0.0 0.8117140000000002 0.5304 0.0 0.0029249999999999996 0.0
92 SNU-407 BRAF 49.0 0.2716 0.2716 0.798115 0.18485300000000002 0.189123 0.0 0.0 0.0 0.027887999999999996 0.4434 0.44420000000000004 0.44420000000000004 0.0012000000000000001
92 SNU-407 PI3K 49.0 0.27459999999999996 0.27459999999999996 0.999999 0.0 0.0 0.0 0.0 0.0 0.02777 0.4696 0.469 0.46919999999999995 0.0012180000000000001
93 SK-MEL-5 Zero 49.0 0.025317999999999993 0.023631999999999997 0.7022189999999998 0.3485519999999999 0.327784 0.0 0.0 0.0 0.012991000000000004 0.4847999999999999 0.4830069999999999 0.4711299999999998 0.0
92 SNU-407 p53 49.0 0.28000200000000003 0.28000200000000003 0.596033 0.375632 0.383216 0.0 0.0 0.0 0.028195000000000005 0.46479899999999996 0.0 0.0 0.0008
93 SK-MEL-5 BRAF 49.0 0.023599999999999996 0.022615999999999997 0.6922029999999999 0.35479399999999983 0.3357559999999999 0.0 0.0 0.0 0.011968000000000001 0.48620099999999994 0.48318199999999994 0.47151599999999994 0.0
93 SK-MEL-5 PI3K 49.0 0.023686000000000002 0.022394 0.9870919999999999 0.040707999999999994 0.02894 0.0 0.0 0.0 0.009038 0.498801 0.496318 0.495743 0.0
94 CP67-MEL Zero 49.5 0.10150700000000001 0.10751600000000003 0.06194899999999999 0.9871809999999994 0.9487839999999995 0.9999989999999991 0.8433229999999996 0.7537659999999998 0.0 0.7017979999999994 0.514322 0.07833300000000001 0.2601519999999999
93 SK-MEL-5 p53 49.0 0.027786000000000005 0.024548 0.476559 0.555189 0.541737 0.0 0.0 0.0 0.009134999999999999 0.49499999999999994 0.0 0.0 0.0
94 CP67-MEL BRAF 49.5 0.09799300000000002 0.10401700000000004 0.05192099999999998 0.9916589999999994 0.9603689999999997 0.9999999999999994 0.863899 0.7814529999999998 0.0 0.6975989999999996 0.5050629999999998 0.07328200000000003 0.26595100000000005
94 CP67-MEL PI3K 49.5 0.09782900000000003 0.10234600000000006 0.7332419999999998 0.7095089999999997 0.3114319999999999 1.0000019999999994 0.8177569999999996 0.7330699999999998 0.0 0.704799 0.5042339999999998 0.3907869999999997 0.2741159999999998
95 SNU-C2B Zero 49.0 0.057200999999999995 0.22974 0.2979639999999999 0.7006310000000001 0.6954100000000003 0.0 0.0 0.0 0.690355 0.6904030000000002 0.6904030000000002 0.26303000000000004 0.0
94 CP67-MEL p53 49.5 0.10165600000000005 0.10698200000000006 0.025323999999999996 0.9921179999999996 0.9779839999999996 0.9999979999999995 0.850263 0.7611670000000001 0.0 0.7103990000000001 0.0 0.031486999999999994 0.261868
95 SNU-C2B BRAF 49.0 0.051752 0.23338300000000006 0.288965 0.7093209999999999 0.705209 0.0 0.0 0.0 0.6868589999999998 0.6911999999999999 0.6911999999999999 0.25495699999999993 0.0002
95 SNU-C2B PI3K 49.0 0.055200000000000006 0.238729 0.617306 0.39084300000000005 0.3830010000000001 0.0 0.0 0.0 0.6972550000000003 0.703803 0.703803 0.43375599999999986 0.0006000000000000001
95 SNU-C2B p53 49.0 0.0542 0.22600200000000004 0.11629299999999998 0.863737 0.8652259999999999 0.0 0.0 0.0 0.6997629999999999 0.690399 0.0 0.0 0.0
96 T84 Zero 49.0 0.0 0.0 0.550559 0.259766 0.3186910000000001 0.0 0.0 0.0 0.8125999999999999 0.43160100000000007 0.367866 0.34942800000000007 0.0
96 T84 BRAF 49.0 0.0 0.0 0.5406270000000001 0.25763199999999986 0.3252529999999999 0.0 0.0 0.0 0.802942 0.4150009999999999 0.35689399999999993 0.33930499999999997 0.0
96 T84 PI3K 49.0 0.0 0.0 1.000001 0.0 0.0 0.0 0.0 0.0 0.804777 0.422201 0.362017 0.34767899999999996 0.0
97 HT-115 Zero 49.0 0.0554 0.12653900000000004 0.19064099999999995 0.805056 0.8092619999999995 0.0 0.0 0.0 0.6627799999999996 0.5871999999999997 0.3560780000000001 0.132489 0.0
96 T84 p53 49.0 0.0 0.0 0.3197939999999999 0.4058759999999999 0.48445999999999995 0.0 0.0 0.0 0.7954649999999999 0.42779999999999996 0.0 0.0 0.0
97 HT-115 BRAF 49.0 0.054199000000000004 0.12824300000000005 0.183238 0.815147 0.817618 0.0 0.0 0.0002 0.652867 0.5766010000000003 0.34835 0.13413099999999997 0.0
98 C2BBe1 Zero 49.5 0.6347209999999999 0.9033569999999999 0.32242099999999996 0.6651929999999999 0.6898949999999999 0.0 0.0 0.0 0.7030270000000001 0.30940099999999987 0.186798 0.083081 0.0
97 HT-115 PI3K 49.0 0.0464 0.11138100000000004 0.49708800000000003 0.5093939999999998 0.5091999999999998 0.0 0.0 2.1e-05 0.6563489999999995 0.5735999999999994 0.343005 0.18511099999999997 0.0
98 C2BBe1 BRAF 49.5 0.6256900000000001 0.892283 0.3120779999999999 0.676505 0.7000539999999998 0.0 0.0 0.0 0.7053210000000001 0.31020199999999987 0.18758700000000006 0.09134000000000002 0.0
97 HT-115 p53 49.0 0.0576 0.13302300000000003 0.11940900000000002 0.875823 0.8793009999999999 0.0 0.0 0.0 0.657229 0.5816 0.0 0.0 0.0
98 C2BBe1 PI3K 49.0 0.637453 0.9050179999999998 0.7661399999999997 0.26462600000000003 0.2727049999999999 0.0 0.0 0.0 0.6903659999999998 0.312602 0.1901400000000001 0.121683 0.0
99 DiFi Zero 49.0 0.0 0.0 0.445125 0.5139399999999998 0.5396049999999999 0.0 0.0 0.0008 0.797392 0.37179999999999996 0.372345 0.3724 0.0
98 C2BBe1 p53 49.5 0.641112 0.9036350000000001 0.27780400000000005 0.7011360000000001 0.7272960000000002 0.0 0.0 0.0 0.712715 0.30319899999999994 0.0 0.0 0.0
99 DiFi BRAF 49.0 0.0 0.0 0.43735799999999997 0.518667 0.5463990000000001 0.0 0.0 0.0006000000000000001 0.787187 0.36739999999999995 0.3676 0.3674 0.0
100 SW1463 Zero 49.0 0.0 0.0 0.48498800000000003 0.400145 0.4572889999999999 0.0 0.0 0.027543999999999996 0.42987800000000004 0.573 0.573 0.34065399999999996 0.0
99 DiFi PI3K 49.0 0.0 0.0 0.995348 0.0046 0.0048 0.0 0.0 0.0002 0.7885310000000001 0.3689999999999999 0.3697999999999999 0.3697999999999999 0.0
100 SW1463 BRAF 49.0 0.0 0.0 0.481215 0.407329 0.464262 0.0 0.0 0.03269 0.43899599999999994 0.5728030000000002 0.5728030000000002 0.339682 0.0
99 DiFi p53 49.0 0.0 0.0 0.08232799999999998 0.8716080000000002 0.8980530000000001 0.0 0.0 0.000304 0.795474 0.36099900000000007 0.0 0.0 0.0
100 SW1463 PI3K 49.0 0.0 0.0 0.7540049999999999 0.198823 0.220104 0.0 0.0 0.034909 0.41457499999999997 0.578201 0.578201 0.37260800000000005 0.0
101 WM278 Zero 49.5 0.07031100000000001 0.24161700000000005 0.6572389999999998 0.3526119999999999 0.341424 1.0000009999999997 0.8382969999999997 0.8758019999999999 0.0008 0.6656009999999998 0.6578009999999997 0.6349939999999997 0.009351999999999997
100 SW1463 p53 49.0 0.0 0.0 0.16038200000000002 0.662188 0.749719 0.0 0.0 0.03195 0.43770699999999996 0.5863999999999998 0.0 0.0 0.0
101 WM278 BRAF 49.5 0.06379700000000002 0.23382200000000003 0.6478219999999998 0.36274199999999995 0.3529359999999999 0.9999989999999996 0.9949599999999998 0.9990299999999999 0.0 0.6727999999999997 0.6671429999999997 0.645276 0.009048
102 IGR-1 Zero 49.0 0.0 0.0 0.6009179999999998 0.4605620000000001 0.457261 0.0 0.0 0.0 0.054264999999999994 0.3341990000000001 0.28283400000000003 0.22934400000000002 0.0
101 WM278 PI3K 49.5 0.071515 0.240855 0.9997980000000002 0.0006000000000000001 0.0002 0.9999980000000002 0.8120290000000001 0.8594130000000002 0.0012000000000000001 0.6623980000000003 0.6584190000000001 0.6576460000000001 0.005804
102 IGR-1 BRAF 49.0 0.0 0.0 0.613996 0.44834300000000005 0.44525900000000007 0.0 0.0 0.0 0.055875 0.32580100000000006 0.2765890000000001 0.231147 0.0
101 WM278 p53 49.5 0.07094600000000002 0.23636700000000002 0.052831 0.9508899999999999 0.9455280000000001 1.0000000000000002 0.8852740000000002 0.9066860000000001 0.00047299999999999995 0.674598 0.0 0.0 0.007821
102 IGR-1 PI3K 49.0 0.0 0.0 0.9923519999999999 0.06996400000000001 0.06588300000000001 0.0 0.0 0.0 0.05193300000000001 0.3194000000000001 0.27214800000000006 0.26654400000000006 0.0
103 COLO-783 Zero 49.0 0.039626 0.115133 0.19305900000000012 0.8744179999999999 0.8459280000000001 0.0 0.6073280000000002 0.6115910000000001 0.41372499999999984 0.7241989999999998 0.5902279999999998 0.2261290000000001 0.18943099999999996
102 IGR-1 p53 49.0 0.0 0.0 0.5126379999999999 0.5239539999999999 0.5234829999999998 0.0 0.0 0.0002 0.05067299999999999 0.3240000000000001 0.0 0.0 0.0
103 COLO-783 BRAF 49.0 0.03519099999999999 0.109531 0.19413000000000005 0.8654789999999998 0.8396279999999999 0.0 0.610706 0.6153060000000001 0.415751 0.7138020000000002 0.5837639999999998 0.23337900000000006 0.18653500000000012
104 A375 Zero 49.0 0.030344 0.030111 0.826037 0.17413800000000001 0.17196400000000003 0.0 0.0 0.011538999999999999 0.018730999999999998 0.487 0.487 0.487 0.0
103 COLO-783 PI3K 49.0 0.034599999999999985 0.10860200000000006 0.4922589999999997 0.6195749999999994 0.5679109999999995 0.0 0.6184659999999996 0.6215879999999997 0.4185889999999999 0.7274039999999999 0.601151 0.335268 0.17728000000000002
104 A375 BRAF 49.0 0.031000000000000003 0.031000000000000003 0.8454459999999999 0.15705000000000002 0.15327900000000003 0.0 0.0 0.018133 0.016264999999999998 0.5125999999999998 0.5125999999999998 0.5125999999999998 0.0
103 COLO-783 p53 49.0 0.029964 0.09968600000000002 0.012633999999999996 0.9937040000000001 0.9918340000000002 0.0 0.6066099999999999 0.609995 0.41716999999999993 0.7048000000000002 0.0 0.0 0.17997300000000005
104 A375 PI3K 49.0 0.0312 0.0312 0.999999 0.0 0.0 0.0 0.0 0.010168 0.017048999999999998 0.49319999999999997 0.49319999999999997 0.49319999999999997 0.0
104 A375 p53 49.0 0.031903 0.031800999999999996 0.671147 0.33026199999999994 0.32577999999999996 0.0 0.0 0.010341999999999999 0.017587000000000002 0.5024010000000001 0.0 0.0 0.0
105 Malme-3M Zero 49.0 0.054471000000000006 0.053779 0.48306999999999994 0.6957290000000003 0.702488 0.0 0.6166400000000001 0.6853300000000001 0.006698000000000001 0.49560199999999993 0.49560199999999993 0.140684 0.0
105 Malme-3M BRAF 49.0 0.05099999999999999 0.049548999999999996 0.4917859999999999 0.706474 0.711608 0.0 0.617367 0.6847799999999999 0.008376 0.4925999999999998 0.4925999999999998 0.15960399999999994 0.0
106 C32 Zero 49.0 0.03388800000000001 0.033232000000000005 0.31349 0.9112760000000002 0.9046040000000003 0.0 0.0 0.0 0.019261999999999998 0.43439999999999995 0.433 0.16073300000000001 0.002236
105 Malme-3M PI3K 49.0 0.04826299999999999 0.04724299999999999 0.5889900000000001 0.6820129999999999 0.6861419999999999 0.0 0.6131110000000001 0.6781499999999999 0.008169 0.49839999999999973 0.49839999999999973 0.17552500000000001 0.0
106 C32 BRAF 49.0 0.03342799999999999 0.033221999999999995 0.30685599999999996 0.9143969999999999 0.9107219999999999 0.0 0.0 0.0 0.017891999999999998 0.433399 0.431799 0.15293800000000002 0.003
105 Malme-3M p53 49.0 0.053186 0.052405999999999994 0.3948679999999999 0.7415879999999998 0.7507499999999997 0.0 0.6150729999999999 0.6855409999999997 0.006675999999999999 0.49180099999999993 0.0 0.0 0.0002
106 C32 PI3K 49.0 0.033874 0.0338 0.5954029999999999 0.8125559999999997 0.8015589999999999 0.0 0.0 0.0 0.014043000000000002 0.43460099999999996 0.433378 0.263582 0.0019240000000000001
106 C32 p53 49.0 0.0388 0.038789 0.29302 0.9221869999999999 0.9174519999999999 0.0 0.0 0.0 0.014484999999999998 0.436399 0.0 0.0034000000000000002 0.0028000000000000004
107 GP5d Zero 49.0 0.0 0.0 0.63999 0.27119699999999997 0.315461 0.0 0.0 0.026592000000000005 0.748795 0.41019999999999995 0.41039999999999993 0.331636 0.0002
107 GP5d BRAF 49.0 0.0 0.0 0.6465670000000001 0.2660309999999999 0.31029199999999985 0.0 0.0 0.025159 0.760084 0.40779999999999994 0.4079999999999999 0.335906 0.0002
107 GP5d PI3K 49.0 0.0 0.0 0.8944549999999999 0.095736 0.101229 0.0 0.0 0.030700999999999996 0.754448 0.41179999999999994 0.41219799999999995 0.350557 0.0002
108 SNU-C1 Zero 49.0 0.0 0.0 0.29208299999999987 0.6488470000000001 0.7002669999999999 0.0 0.0 0.0018000000000000004 0.7531039999999999 0.5941989999999998 0.504259 0.20492 0.0
107 GP5d p53 49.0 0.0 0.0 0.427233 0.42897900000000005 0.504314 0.0 0.0 0.029325999999999994 0.7656000000000001 0.415602 0.0 0.0 0.0
108 SNU-C1 BRAF 49.0 0.0 0.0 0.27280299999999996 0.669433 0.719031 0.0 0.0 0.0012939999999999998 0.8020099999999998 0.587201 0.503462 0.206634 0.0
108 SNU-C1 PI3K 49.0 0.0 0.0 0.5673889999999997 0.39899300000000004 0.4318719999999999 0.0 0.0 0.0021760000000000004 0.739991 0.586199 0.5120149999999999 0.2935910000000001 0.0
108 SNU-C1 p53 49.0 0.0 0.0 0.17051800000000003 0.74949 0.8201029999999999 0.0 0.0 0.0015999999999999999 0.7519050000000002 0.595801 0.0 0.0 0.0
109 Hs-944-T Zero 49.0 0.07029900000000003 0.06599000000000002 0.5654139999999999 0.615418 0.5302689999999998 0.0 0.598023 0.6000659999999998 0.009301 0.18999900000000003 0.18879900000000002 0.164969 0.0
109 Hs-944-T BRAF 49.0 0.06937900000000002 0.06411700000000001 0.5647999999999999 0.6256529999999996 0.5330259999999998 0.0 0.6107539999999998 0.6133949999999998 0.012087 0.18559700000000004 0.18519700000000003 0.16618500000000003 0.0
109 Hs-944-T PI3K 49.0 0.06954500000000002 0.06280000000000002 0.9512790000000002 0.3361049999999998 0.19939999999999997 0.0 0.6069640000000002 0.6096390000000002 0.013797000000000002 0.17919999999999994 0.17817499999999994 0.17050399999999996 0.0
110 NCI-H747 Zero 49.0 0.022082 0.021996 0.49352599999999996 0.5341270000000002 0.5318040000000002 0.0 0.0 0.0 0.8496170000000001 0.6855990000000002 0.6855990000000002 0.479317 0.0
109 Hs-944-T p53 49.0 0.074399 0.065986 0.49126600000000004 0.663924 0.5846009999999999 0.0 0.6095659999999999 0.6110190000000001 0.009305 0.18179799999999996 0.0 0.0 0.0
110 NCI-H747 BRAF 49.0 0.023843 0.022953 0.4859129999999999 0.5428149999999998 0.5405929999999998 0.0 0.0 0.0 0.8449389999999999 0.6846009999999999 0.6846009999999999 0.468773 0.0
110 NCI-H747 PI3K 49.0 0.0198 0.019200000000000002 0.9834379999999999 0.02354 0.022927000000000003 0.0 0.0 0.0 0.847857 0.708401 0.708401 0.693233 0.0
111 RPMI-7951 Zero 49.0 0.10662100000000001 0.104903 0.4691939999999999 0.5206949999999998 0.5205509999999999 0.0 0.0 0.0 0.6294869999999997 0.5875989999999998 0.4410189999999999 0.16468500000000003 0.0
110 NCI-H747 p53 49.0 0.023975999999999997 0.023406999999999997 0.017171999999999996 0.986328 0.9863999999999999 0.0 0.0 0.0 0.843269 0.6897999999999999 0.0 0.0 0.0
111 RPMI-7951 BRAF 49.0 0.10646200000000001 0.105218 0.46044299999999994 0.5308480000000001 0.5322879999999999 0.0 0.0 0.0 0.622764 0.5751979999999999 0.426154 0.160706 0.0
112 SK-MEL-30 Zero 49.0 0.0 0.0 0.32702400000000004 0.836945 0.680167 0.0 0.5918890000000001 0.5941150000000002 0.0032510000000000004 0.32900100000000004 0.32773900000000006 0.20163799999999998 0.0
111 RPMI-7951 PI3K 49.0 0.097335 0.096913 0.9999990000000002 0.0 0.0 0.0 0.0 0.0 0.6222900000000001 0.5724000000000001 0.421672 0.362635 0.0
112 SK-MEL-30 BRAF 49.0 0.0 0.0 0.34347799999999995 0.8272749999999999 0.663748 0.0 0.603339 0.605076 0.0016640000000000001 0.335002 0.334078 0.207643 0.0
111 RPMI-7951 p53 49.0 0.10704399999999999 0.10554 0.4115779999999999 0.5709839999999999 0.5743999999999998 0.0 0.0 0.0 0.6286579999999999 0.592999 0.0 0.0 0.0
112 SK-MEL-30 PI3K 49.0 0.0 0.0 0.7293069999999998 0.5989599999999999 0.28317099999999995 0.0 0.5972459999999999 0.598475 0.0015999999999999999 0.3286010000000001 0.327008 0.22450500000000004 0.0
113 CL-40 Zero 49.0 0.03250999999999999 0.03791699999999999 0.49168700000000004 0.41935800000000006 0.456521 0.0 0.0 0.0 0.845657 0.17720000000000002 0.17720000000000002 0.18300000000000008 0.0
112 SK-MEL-30 p53 49.0 0.0 0.0 0.174883 0.915608 0.826705 0.0 0.595191 0.5965280000000001 0.002523 0.3318 0.0 0.0 0.0
113 CL-40 BRAF 49.0 0.0364 0.041596 0.4808540000000001 0.426221 0.4647089999999999 0.0 0.0 0.0 0.854328 0.18040100000000003 0.18040100000000003 0.182918 0.000183
113 CL-40 PI3K 49.0 0.034626 0.04001 0.9909349999999999 0.009440000000000002 0.009171000000000002 0.0 0.0 0.0 0.861255 0.185 0.185 0.191417 0.0002
114 SNU-283 Zero 49.0 0.0 0.007357000000000001 0.21046600000000001 0.5653270000000001 0.6142670000000001 0.0 0.0 0.07760900000000001 0.6174550000000002 0.40159700000000004 0.19365000000000004 0.063255 0.0
113 CL-40 p53 49.0 0.032541 0.037987 0.36642100000000005 0.5216729999999998 0.5689829999999999 0.0 0.0 0.0 0.85451 0.18240100000000004 0.0 0.008051 0.0002
114 SNU-283 BRAF 49.0 0.0 0.0065829999999999994 0.21380700000000002 0.5774410000000001 0.6256280000000001 0.0 0.0 0.071639 0.6169720000000001 0.413196 0.20385600000000006 0.060034 0.0
114 SNU-283 PI3K 49.0 0.0 0.007599999999999998 0.5323619999999999 0.35875700000000005 0.3834889999999999 0.0 0.0 0.06512100000000001 0.6142999999999998 0.418601 0.201277 0.09214 0.0
115 RVH-421 Zero 49.5 0.031199999999999995 0.030999999999999993 0.34366699999999994 0.6735759999999998 0.6652189999999999 0.9999989999999999 0.9807699999999998 0.9829229999999998 0.0 0.5617989999999999 0.561522 0.34560299999999994 0.0
114 SNU-283 p53 49.0 0.0 0.009586999999999998 0.156272 0.6208680000000001 0.6711230000000002 0.0 0.0 0.06812000000000001 0.6209390000000001 0.3989989999999998 0.0 0.0 0.0
115 RVH-421 BRAF 49.5 0.032222 0.0322 0.35473199999999994 0.6635979999999998 0.6549339999999999 1.000001 0.981876 0.9835709999999999 0.0 0.5862009999999999 0.5862009999999999 0.35677899999999996 0.0002
115 RVH-421 PI3K 49.5 0.03213899999999999 0.031999999999999994 0.752868 0.26905399999999996 0.25888999999999995 1.000001 0.978264 0.980714 0.0 0.582002 0.581802 0.43831200000000003 0.0004
115 RVH-421 p53 49.5 0.0308 0.0308 0.0 0.9999999999999999 0.9999999999999999 0.9999999999999999 0.9849199999999998 0.9863339999999998 0.0 0.5922 0.0 0.0006000000000000001 0.0
