n_profile Patient_ID Drug_ID Time RAS SOS GRB2 SPRY PI3K GAB1 EGF EGFR HGF MET CRAF FGF
0 VMRC-MELG Zero 49.0 0.0 0.0 0.0 1.0 0.245 0.499 0.5126000000000001 0.0 0.499 0.499 0.0 0.5032000000000001
1 UACC-62 Zero 49.0 0.0 0.0 0.0 1.0 0.2518 0.5012 0.4982 0.0 0.5012 0.5012 0.0 0.502
1 UACC-62 BRAF 49.0 0.42894499999999997 0.42243800000000015 0.48636600000000024 0.431001 0.36515299999999995 0.5564550000000001 0.49819399999999997 0.15116299999999996 0.5082030000000002 0.5082030000000002 0.432486 0.4891990000000003
0 VMRC-MELG BRAF 49.0 0.42489799999999966 0.426351 0.49247799999999986 0.4221859999999998 0.3712849999999998 0.5596999999999996 0.500197 0.16197900000000004 0.509999 0.509999 0.4215299999999998 0.5084
0 VMRC-MELG PI3K 49.0 0.0 0.0 0.0 1.0 0.0 0.5065999999999999 0.509 0.0 0.5065999999999999 0.5065999999999999 0.0 0.5042
1 UACC-62 PI3K 49.0 0.0 0.0 0.0 1.0 0.0 0.5068 0.5004 0.0 0.5068 0.5068 0.0 0.5028
1 UACC-62 p53 49.0 0.0 0.0 0.0 1.0 0.499 0.499 0.5038 0.0 0.499 0.499 0.0 0.4984
0 VMRC-MELG p53 49.0 0.0 0.0 0.0 1.0 0.49140000000000006 0.49140000000000006 0.5006 0.0 0.49140000000000006 0.49140000000000006 0.0 0.5016
3 HCC2998 Zero 49.0 0.9999999999999999 0.0 0.0 0.9999999999999999 0.49539999999999995 0.49539999999999995 0.4858 0.0 0.49539999999999995 0.49539999999999995 0.9999999999999999 0.496
3 HCC2998 BRAF 49.0 1.0 0.0 0.0 1.0 0.5114 0.5114 0.5082 0.0 0.5114 0.5114 1.0 0.49879999999999997
2 KM12 Zero 49.0 0.42025599999999985 0.41274399999999994 0.4855349999999998 0.4429009999999999 0.7313870000000001 0.546902 0.5075969999999999 0.14646200000000006 0.507398 0.507398 0.4188569999999998 0.5037999999999999
3 HCC2998 PI3K 49.0 1.0 0.0 0.0 1.0 0.0 0.509 0.5042000000000001 0.0 0.509 0.509 1.0 0.488
3 HCC2998 p53 49.0 1.0 0.0 0.0 1.0 0.5028 0.5028 0.5032 0.0 0.5028 0.5028 1.0 0.49679999999999996
4 MEL-HO Zero 49.0 0.0 0.0 0.0 1.0 0.2396 0.4958 0.5054 0.0 0.4958 0.4958 0.0 0.5012000000000001
2 KM12 BRAF 49.0 0.4305180000000002 0.4215170000000001 0.4847299999999998 0.44443100000000013 0.7399360000000001 0.561773 0.4977980000000001 0.15600899999999984 0.5172019999999998 0.5172019999999998 0.4287650000000001 0.5033979999999999
2 KM12 PI3K 49.0 0.3466839999999998 0.3540109999999999 0.42483699999999985 0.5041140000000001 0.0 0.5371799999999999 0.5039980000000001 0.12923500000000002 0.4953989999999998 0.4953989999999998 0.354872 0.5012009999999998
4 MEL-HO BRAF 49.0 0.424645 0.423579 0.48912799999999984 0.4270379999999999 0.3855579999999999 0.5562050000000001 0.48740399999999967 0.14787 0.5108070000000001 0.5108070000000001 0.4249049999999999 0.49700900000000003
4 MEL-HO PI3K 49.0 0.0 0.0 0.0 1.0 0.0 0.499 0.5094000000000001 0.0 0.499 0.499 0.0 0.49460000000000004
4 MEL-HO p53 49.0 0.0 0.0 0.0 1.0 0.4957999999999999 0.4957999999999999 0.5028 0.0 0.4957999999999999 0.4957999999999999 0.0 0.5052
2 KM12 p53 49.0 0.41260899999999995 0.41149199999999986 0.478749 0.434273 0.7194500000000003 0.5407670000000001 0.5135960000000003 0.15941499999999997 0.49339800000000006 0.49339800000000006 0.410052 0.504799
6 SK-MEL-3 Zero 49.0 0.0 0.0 0.0 1.0 0.2566 0.5166 0.495 0.0 0.5166 0.5166 0.0 0.5024
5 C2BBe1 Zero 49.0 0.3842029999999995 0.3829849999999995 0.45127799999999973 0.46850499999999956 0.37425999999999965 0.5503589999999997 0.4932009999999994 0.14087700000000006 0.5094019999999997 0.5094019999999997 0.38844999999999946 0.4979999999999997
6 SK-MEL-3 BRAF 49.0 0.4149030000000002 0.4050539999999999 0.4746929999999999 0.4386209999999998 0.36367099999999986 0.543597 0.4980049999999998 0.148063 0.4959970000000001 0.4959970000000001 0.4201680000000001 0.4926019999999999
5 C2BBe1 BRAF 49.0 0.4272780000000001 0.4276660000000002 0.49133 0.4259969999999997 0.3532339999999999 0.5475119999999998 0.4954019999999997 0.1543390000000001 0.494599 0.494599 0.4225559999999998 0.4947969999999997
6 SK-MEL-3 PI3K 49.0 0.0 0.0 0.0 1.0 0.0 0.51 0.503 0.0 0.51 0.51 0.0 0.5026
6 SK-MEL-3 p53 49.0 0.0 0.0 0.0 1.0 0.49939999999999996 0.49939999999999996 0.5038 0.0 0.49939999999999996 0.49939999999999996 0.0 0.5018
7 WM1552C Zero 49.0 0.0 0.0 0.0 0.9999999999999999 0.4968 0.4968 0.4766 0.0 0.4968 0.4968 0.0 0.502
5 C2BBe1 PI3K 49.0 0.352487 0.351482 0.4249220000000001 0.5064100000000001 0.0 0.5486040000000001 0.49999999999999994 0.13605200000000003 0.504197 0.504197 0.3580569999999998 0.5165989999999998
7 WM1552C BRAF 49.0 0.4353030000000001 0.44225200000000003 0.5038080000000001 0.4247309999999999 0.7551360000000003 0.5697040000000002 0.507595 0.1595420000000001 0.5145970000000001 0.5145970000000001 0.4358479999999999 0.49819199999999997
5 C2BBe1 p53 49.0 0.4132379999999998 0.4075759999999999 0.4692699999999995 0.45133399999999957 0.7244580000000006 0.5477200000000004 0.5014039999999996 0.14960000000000004 0.49980299999999994 0.49980299999999994 0.4168959999999996 0.4947979999999998
7 WM1552C PI3K 49.0 0.0 0.0 0.0 1.0000000000000002 0.0 0.48719999999999997 0.5018 0.0 0.48719999999999997 0.48719999999999997 0.0 0.5
8 LB373-MEL-D Zero 49.0 0.9999999999999999 0.0 0.0 0.9999999999999999 0.24980000000000002 0.49660000000000004 0.4948 0.0 0.49660000000000004 0.49660000000000004 0.9999999999999999 0.4852
7 WM1552C p53 49.0 0.0 0.0 0.0 1.0000000000000002 0.4862 0.4862 0.4956 0.0 0.4862 0.4862 0.0 0.4864
8 LB373-MEL-D BRAF 49.0 0.9999999999999999 0.0 0.0 0.9999999999999999 0.2466 0.5055999999999999 0.4936 0.0 0.5055999999999999 0.5055999999999999 0.9999999999999999 0.49339999999999995
8 LB373-MEL-D PI3K 49.0 1.0 0.0 0.0 1.0 0.0 0.5042 0.498 0.0 0.5042 0.5042 1.0 0.49340000000000006
8 LB373-MEL-D p53 49.0 0.9999999999999999 0.0 0.0 0.9999999999999999 0.5054000000000001 0.5054000000000001 0.4884 0.0 0.5054000000000001 0.5054000000000001 0.9999999999999999 0.5036
9 WT Zero 49.0 0.3858729999999999 0.382573 0.4441980000000001 0.469791 0.3614010000000001 0.5420429999999997 0.49819800000000014 0.14844899999999997 0.49560199999999976 0.49560199999999976 0.3829779999999998 0.5015990000000001
10 CCK-81 Zero 49.0 0.42192699999999994 0.43552199999999996 0.49998100000000023 0.4196290000000001 0.9999980000000005 0.5408730000000002 0.504197 0.15184699999999998 0.4893990000000002 0.4893990000000002 0.4201469999999999 0.503596
9 WT BRAF 49.0 0.4316949999999998 0.4239879999999999 0.4886249999999999 0.4395889999999999 0.36660000000000004 0.5491719999999994 0.5206039999999996 0.154667 0.49920000000000003 0.49920000000000003 0.43890800000000013 0.5040009999999999
10 CCK-81 BRAF 49.0 0.424012 0.43085000000000007 0.49532099999999996 0.4157910000000002 1.0000009999999995 0.5486450000000002 0.5050000000000003 0.16993600000000003 0.4965990000000001 0.4965990000000001 0.4177550000000001 0.49999899999999997
9 WT PI3K 49.0 0.3589690000000001 0.3556900000000001 0.42194600000000004 0.5068239999999998 0.0 0.5422759999999998 0.5031999999999998 0.132452 0.4974009999999999 0.4974009999999999 0.36134399999999994 0.496602
10 CCK-81 PI3K 49.0 0.3530499999999997 0.3529349999999998 0.4199389999999998 0.4995999999999997 0.0 0.5371979999999996 0.4927909999999997 0.1304720000000001 0.49519599999999975 0.49519599999999975 0.3531269999999997 0.49599499999999985
9 WT p53 49.0 0.4169999999999996 0.4231249999999998 0.4873329999999999 0.4372579999999998 0.7349930000000001 0.5519860000000003 0.4990009999999997 0.15381100000000003 0.5066000000000002 0.5066000000000002 0.42062199999999983 0.5015959999999999
10 CCK-81 p53 49.0 0.4317699999999999 0.420226 0.48442299999999994 0.4461549999999997 0.9999990000000005 0.5471390000000002 0.49879899999999977 0.14492900000000003 0.4960009999999998 0.4960009999999998 0.43465599999999993 0.49459699999999984
11 WM278 Zero 49.0 0.0 0.0 0.0 1.0000000000000002 0.2432 0.5008 0.4888 0.0 0.5008 0.5008 0.0 0.5024
12 SNU-C2B Zero 49.0 0.9999999999999999 0.0 0.0 0.9999999999999999 0.503 0.503 0.4992 0.0 0.503 0.503 0.9999999999999999 0.511
12 SNU-C2B BRAF 49.0 0.9999999999999999 0.0 0.0 0.9999999999999999 0.4914 0.4914 0.4968 0.0 0.4914 0.4914 0.9999999999999999 0.5036
11 WM278 BRAF 49.0 0.4390329999999998 0.44085499999999983 0.507588 0.4263889999999996 0.37964899999999996 0.5537469999999999 0.49619799999999964 0.15047700000000003 0.5037989999999999 0.5037989999999999 0.4377729999999996 0.506605
12 SNU-C2B PI3K 49.0 1.0 0.0 0.0 1.0 0.0 0.5124 0.5008 0.0 0.5124 0.5124 1.0 0.48940000000000006
11 WM278 PI3K 49.0 0.0 0.0 0.0 1.0 0.0 0.5045999999999999 0.4922 0.0 0.5045999999999999 0.5045999999999999 0.0 0.5082
12 SNU-C2B p53 49.0 0.9999999999999999 0.0 0.0 0.9999999999999999 0.49839999999999995 0.49839999999999995 0.5054000000000001 0.0 0.49839999999999995 0.49839999999999995 0.9999999999999999 0.5076
11 WM278 p53 49.0 0.0 0.0 0.0 1.0 0.49959999999999993 0.49959999999999993 0.5076 0.0 0.49959999999999993 0.49959999999999993 0.0 0.4898
13 SNU-C5 Zero 49.0 0.0 0.0 0.0 1.0 1.0 0.5031999999999999 0.49420000000000003 0.0 0.5031999999999999 0.5031999999999999 0.0 0.4936
13 SNU-C5 BRAF 49.0 0.4339079999999999 0.430653 0.4923849999999999 0.4284579999999999 1.0000069999999999 0.5529499999999997 0.5002059999999998 0.15335400000000002 0.503404 0.503404 0.4318529999999999 0.4946059999999998
14 SNU-175 Zero 49.0 0.39359199999999994 0.401131 0.46178899999999995 0.4665459999999998 0.37518099999999993 0.5607119999999997 0.502399 0.1446950000000001 0.5094 0.5094 0.385881 0.49939799999999984
13 SNU-C5 PI3K 49.0 0.0 0.0 0.0 0.9999999999999999 0.0 0.49460000000000004 0.4914 0.0 0.49460000000000004 0.49460000000000004 0.0 0.5085999999999999
13 SNU-C5 p53 49.0 0.0 0.0 0.0 1.0 1.0 0.496 0.4956 0.0 0.496 0.496 0.0 0.5105999999999999
14 SNU-175 BRAF 49.0 0.41554399999999975 0.4195309999999999 0.48525999999999986 0.4275489999999997 0.36148800000000003 0.5430279999999997 0.4975989999999995 0.15588800000000008 0.4936029999999997 0.4936029999999997 0.41983799999999977 0.5027999999999998
15 CL-11 Zero 49.0 1.0000000000000002 0.0 0.0 1.0000000000000002 0.25379999999999997 0.5008 0.501 0.0 0.5008 0.5008 1.0000000000000002 0.49599999999999994
15 CL-11 BRAF 49.0 1.0 0.0 0.0 1.0 0.2488 0.5114000000000001 0.4986 0.0 0.5114000000000001 0.5114000000000001 1.0 0.5050000000000001
14 SNU-175 PI3K 49.0 0.36294699999999996 0.367796 0.4347540000000001 0.4871350000000001 0.0 0.5427699999999995 0.4943989999999999 0.14003500000000002 0.49880199999999997 0.49880199999999997 0.357517 0.4939979999999998
15 CL-11 PI3K 49.0 1.0 0.0 0.0 1.0 0.0 0.501 0.5006 0.0 0.501 0.501 1.0 0.502
15 CL-11 p53 49.0 1.0 0.0 0.0 1.0 0.5052 0.5052 0.49239999999999995 0.0 0.5052 0.5052 1.0 0.5176
16 HT-144 Zero 49.0 0.0 0.0 0.0 1.0000000000000002 0.2582 0.49639999999999995 0.504 0.0 0.49639999999999995 0.49639999999999995 0.0 0.49459999999999993
14 SNU-175 p53 49.0 0.41086000000000034 0.4073470000000003 0.47663900000000026 0.43410700000000024 0.7289849999999997 0.5461789999999997 0.4994020000000004 0.15257199999999996 0.501802 0.501802 0.4114720000000003 0.5068039999999997
17 SW948 Zero 49.0 0.9999999999999999 0.0 0.0 0.9999999999999999 0.9999999999999999 0.5014 0.5014 0.0 0.5014 0.5014 0.9999999999999999 0.5024
17 SW948 BRAF 49.0 1.0 0.0 0.0 1.0 1.0 0.5024 0.49979999999999997 0.0 0.5024 0.5024 1.0 0.5038
16 HT-144 BRAF 49.0 0.42665300000000017 0.42905500000000035 0.49568200000000023 0.41972300000000023 0.3696140000000002 0.5617610000000001 0.4968030000000003 0.15805099999999997 0.5039980000000004 0.5039980000000004 0.4215810000000001 0.49379800000000007
17 SW948 PI3K 49.0 1.0 0.0 0.0 1.0 0.0 0.4972 0.5014 0.0 0.4972 0.4972 1.0 0.49939999999999996
16 HT-144 PI3K 49.0 0.0 0.0 0.0 1.0 0.0 0.5082 0.49840000000000007 0.0 0.5082 0.5082 0.0 0.494
17 SW948 p53 49.0 1.0 0.0 0.0 1.0 1.0 0.4954 0.506 0.0 0.4954 0.4954 1.0 0.507
16 HT-144 p53 49.0 0.0 0.0 0.0 1.0 0.4978 0.4978 0.5132 0.0 0.4978 0.4978 0.0 0.5036
18 SNU-81 Zero 49.0 1.0 0.0 0.0 1.0 0.512 0.512 0.5032 0.0 0.512 0.512 1.0 0.49160000000000004
19 T84 Zero 49.0 1.0 0.0 0.0 1.0 1.0 0.5084 0.5018 0.0 0.5084 0.5084 1.0 0.5006
18 SNU-81 BRAF 49.0 1.0 0.0 0.0 1.0 0.49920000000000003 0.49920000000000003 0.5136000000000001 0.0 0.49920000000000003 0.49920000000000003 1.0 0.49560000000000004
19 T84 BRAF 49.0 1.0000000000000002 0.0 0.0 1.0000000000000002 1.0000000000000002 0.49240000000000006 0.4976 0.0 0.49240000000000006 0.49240000000000006 1.0000000000000002 0.505
18 SNU-81 PI3K 49.0 1.0 0.0 0.0 1.0 0.0 0.4904 0.506 0.0 0.4904 0.4904 1.0 0.5004
19 T84 PI3K 49.0 0.9999999999999999 0.0 0.0 0.9999999999999999 0.0 0.4948 0.5054 0.0 0.4948 0.4948 0.9999999999999999 0.5094
18 SNU-81 p53 49.0 1.0 0.0 0.0 1.0 0.5012 0.5012 0.5106 0.0 0.5012 0.5012 1.0 0.504
19 T84 p53 49.0 1.0 0.0 0.0 1.0 1.0 0.4948 0.5052000000000001 0.0 0.4948 0.4948 1.0 0.5006
20 MZ2-MEL Zero 49.0 1.0 0.0 0.0 1.0 0.2472 0.49240000000000006 0.5 0.0 0.49240000000000006 0.49240000000000006 1.0 0.4978
21 SW1116 Zero 49.0 1.0 0.0 0.0 1.0 0.24860000000000002 0.5094 0.5086 0.0 0.5094 0.5094 1.0 0.5022
20 MZ2-MEL BRAF 49.0 1.0 0.0 0.0 1.0 0.2528 0.4994 0.49180000000000007 0.0 0.4994 0.4994 1.0 0.496
21 SW1116 BRAF 49.0 1.0 0.0 0.0 1.0 0.25279999999999997 0.5092 0.5042 0.0 0.5092 0.5092 1.0 0.5036
20 MZ2-MEL PI3K 49.0 1.0 0.0 0.0 1.0 0.0 0.49840000000000007 0.503 0.0 0.49840000000000007 0.49840000000000007 1.0 0.4992
21 SW1116 PI3K 49.0 1.0 0.0 0.0 1.0 0.0 0.49520000000000003 0.49720000000000003 0.0 0.49520000000000003 0.49520000000000003 1.0 0.49560000000000004
20 MZ2-MEL p53 49.0 1.0 0.0 0.0 1.0 0.5074 0.5074 0.5018 0.0 0.5074 0.5074 1.0 0.487
21 SW1116 p53 49.0 0.9999999999999999 0.0 0.0 0.9999999999999999 0.5034 0.5034 0.4922 0.0 0.5034 0.5034 0.9999999999999999 0.5105999999999999
22 GAK Zero 49.0 1.0 0.0 0.0 1.0 0.252 0.501 0.5036 0.0 0.501 0.501 1.0 0.5158
23 G-MEL Zero 49.0 0.0 0.0 0.0 1.0 0.2454 0.49899999999999994 0.5107999999999999 0.0 0.49899999999999994 0.49899999999999994 0.0 0.5027999999999999
22 GAK BRAF 49.0 1.0 0.0 0.0 1.0 0.2406 0.5056 0.49800000000000005 0.0 0.5056 0.5056 1.0 0.5018000000000001
22 GAK PI3K 49.0 1.0 0.0 0.0 1.0 0.0 0.5008 0.49160000000000004 0.0 0.5008 0.5008 1.0 0.4924
23 G-MEL BRAF 49.0 0.4314399999999998 0.4293089999999999 0.49349099999999996 0.42651999999999995 0.36615399999999987 0.5461499999999997 0.48939999999999995 0.147189 0.49859800000000004 0.49859800000000004 0.4342439999999999 0.503395
22 GAK p53 49.0 0.9999999999999999 0.0 0.0 0.9999999999999999 0.49759999999999993 0.49759999999999993 0.5032 0.0 0.49759999999999993 0.49759999999999993 0.9999999999999999 0.5014
23 G-MEL PI3K 49.0 0.0 0.0 0.0 1.0 0.0 0.49360000000000004 0.5054 0.0 0.49360000000000004 0.49360000000000004 0.0 0.5014000000000001
24 MEL-JUSO Zero 49.0 1.0 0.0 0.0 1.0 0.2514 0.5054000000000001 0.5034 0.0 0.5054000000000001 0.5054000000000001 1.0 0.5028
23 G-MEL p53 49.0 0.0 0.0 0.0 0.9999999999999999 0.499 0.499 0.5075999999999999 0.0 0.499 0.499 0.0 0.4894
24 MEL-JUSO BRAF 49.0 1.0 0.0 0.0 1.0 0.2398 0.4906 0.5002 0.0 0.4906 0.4906 1.0 0.4974
25 RVH-421 Zero 49.0 0.0 0.0 0.0 1.0 0.2434 0.5058 0.5095999999999999 0.0 0.5058 0.5058 0.0 0.5002
24 MEL-JUSO PI3K 49.0 1.0 0.0 0.0 1.0 0.0 0.5094 0.4994 0.0 0.5094 0.5094 1.0 0.5046
24 MEL-JUSO p53 49.0 1.0 0.0 0.0 1.0 0.4996 0.4996 0.4938 0.0 0.4996 0.4996 1.0 0.5044
25 RVH-421 BRAF 49.0 0.4228700000000004 0.42696800000000007 0.49922599999999995 0.42377899999999985 0.3719140000000002 0.5560630000000002 0.5020060000000001 0.15837100000000004 0.505401 0.505401 0.42487100000000017 0.493806
26 SK-MEL-24 Zero 49.0 0.0 0.0 0.0 1.0 0.2396 0.48999999999999994 0.5024 0.0 0.48999999999999994 0.48999999999999994 0.0 0.49339999999999995
25 RVH-421 PI3K 49.0 0.0 0.0 0.0 1.0 0.0 0.48160000000000003 0.4898 0.0 0.48160000000000003 0.48160000000000003 0.0 0.4908
25 RVH-421 p53 49.0 0.0 0.0 0.0 1.0 0.5052 0.5052 0.5086 0.0 0.5052 0.5052 0.0 0.4968
26 SK-MEL-24 BRAF 49.0 0.43348800000000004 0.42600600000000005 0.48915000000000003 0.42938200000000004 0.37063300000000016 0.5538799999999997 0.5046 0.15252700000000008 0.505601 0.505601 0.4366980000000001 0.5052049999999999
27 NCI-H508 Zero 49.0 0.0 0.0 0.0 1.0 1.0 0.504 0.49639999999999995 0.0 0.504 0.504 0.0 0.5038
26 SK-MEL-24 PI3K 49.0 0.0 0.0 0.0 0.9999999999999999 0.0 0.4928 0.5108 0.0 0.4928 0.4928 0.0 0.5052
26 SK-MEL-24 p53 49.0 0.0 0.0 0.0 1.0 0.506 0.506 0.5082 0.0 0.506 0.506 0.0 0.4978
27 NCI-H508 BRAF 49.0 0.42507599999999973 0.43079999999999996 0.4988049999999998 0.4232009999999997 0.9999949999999997 0.5429989999999997 0.5049980000000002 0.15739899999999996 0.49539900000000003 0.49539900000000003 0.42131999999999975 0.49679799999999996
28 COLO-783 Zero 49.0 0.0 0.0 0.0 1.0000000000000002 0.25379999999999997 0.4966 0.5006 0.0 0.4966 0.4966 0.0 0.4996
27 NCI-H508 PI3K 49.0 0.0 0.0 0.0 1.0 0.0 0.5025999999999999 0.5064 0.0 0.5025999999999999 0.5025999999999999 0.0 0.5002
27 NCI-H508 p53 49.0 0.0 0.0 0.0 1.0 1.0 0.4974 0.49740000000000006 0.0 0.4974 0.4974 0.0 0.502
28 COLO-783 BRAF 49.0 0.431609 0.43111899999999986 0.499289 0.424189 0.37719799999999987 0.5601109999999999 0.501394 0.14990800000000007 0.5166 0.5166 0.4291459999999998 0.5008050000000001
29 IPC-298 Zero 49.0 1.0000000000000002 0.0 0.0 1.0000000000000002 0.255 0.5055999999999999 0.4938 0.0 0.5055999999999999 0.5055999999999999 1.0000000000000002 0.5026
28 COLO-783 PI3K 49.0 0.0 0.0 0.0 1.0 0.0 0.49940000000000007 0.5062 0.0 0.49940000000000007 0.49940000000000007 0.0 0.4938
29 IPC-298 BRAF 49.0 1.0000000000000002 0.0 0.0 1.0000000000000002 0.24219999999999997 0.4885999999999999 0.5026 0.0 0.4885999999999999 0.4885999999999999 1.0000000000000002 0.4992
28 COLO-783 p53 49.0 0.0 0.0 0.0 1.0 0.49439999999999995 0.49439999999999995 0.4946 0.0 0.49439999999999995 0.49439999999999995 0.0 0.49879999999999997
29 IPC-298 PI3K 49.0 1.0 0.0 0.0 1.0 0.0 0.498 0.505 0.0 0.498 0.498 1.0 0.5046
29 IPC-298 p53 49.0 1.0 0.0 0.0 1.0 0.497 0.497 0.49660000000000004 0.0 0.497 0.497 1.0 0.507
31 LS-123 Zero 49.0 1.0 0.0 0.0 1.0 0.5075999999999999 0.5075999999999999 0.4958 0.0 0.5075999999999999 0.5075999999999999 1.0 0.49540000000000006
30 CW-2 Zero 49.5 0.43359000000000014 0.43591000000000013 0.5081259999999999 0.4878899999999997 0.5136009999999999 0.5497389999999993 0.492806 0.146099 0.5015979999999999 0.5015979999999999 0.435444 0.4951960000000001
31 LS-123 BRAF 49.0 1.0 0.0 0.0 1.0 0.5058 0.5058 0.5118 0.0 0.5058 0.5058 1.0 0.5084000000000001
31 LS-123 PI3K 49.0 1.0 0.0 0.0 1.0 0.0 0.5045999999999999 0.49219999999999997 0.0 0.5045999999999999 0.5045999999999999 1.0 0.4982
30 CW-2 BRAF 49.5 0.46283899999999994 0.4692749999999999 0.5514550000000001 0.45322599999999996 0.511003 0.5409910000000001 0.5053989999999998 0.15437499999999998 0.4833990000000001 0.4833990000000001 0.46332 0.5044039999999997
31 LS-123 p53 49.0 1.0 0.0 0.0 1.0 0.49360000000000004 0.49360000000000004 0.484 0.0 0.49360000000000004 0.49360000000000004 1.0 0.49660000000000004
32 WM793B Zero 49.0 0.0 0.0 0.0 1.0 0.2484 0.49420000000000003 0.48419999999999996 0.0 0.49420000000000003 0.49420000000000003 0.0 0.4926
30 CW-2 PI3K 49.5 0.3894809999999998 0.39331299999999986 0.46381399999999995 0.53172 0.0 0.5391480000000001 0.4893989999999998 0.12981700000000002 0.49919700000000006 0.49919700000000006 0.38858999999999994 0.5032010000000001
32 WM793B BRAF 49.0 0.41385399999999967 0.4127359999999997 0.4837709999999997 0.4299289999999996 0.35604799999999975 0.5554359999999999 0.4982069999999997 0.144697 0.5074069999999999 0.5074069999999999 0.42751699999999954 0.48620299999999983
30 CW-2 p53 49.5 0.4665660000000001 0.4619070000000001 0.550763 0.454918 0.9999979999999999 0.5409150000000005 0.501801 0.15312499999999998 0.4822020000000002 0.4822020000000002 0.458673 0.5061990000000001
32 WM793B PI3K 49.0 0.0 0.0 0.0 1.0 0.0 0.4898 0.49879999999999997 0.0 0.4898 0.4898 0.0 0.504
33 COLO-829 Zero 49.0 0.0 0.0 0.0 1.0 0.2476 0.4942 0.49760000000000004 0.0 0.4942 0.4942 0.0 0.4988
32 WM793B p53 49.0 0.0 0.0 0.0 0.9999999999999999 0.49460000000000004 0.49460000000000004 0.5072 0.0 0.49460000000000004 0.49460000000000004 0.0 0.501
34 LS-411N Zero 49.0 0.0 0.0 0.0 1.0 0.2442 0.5012 0.5076 0.0 0.5012 0.5012 0.0 0.48919999999999997
33 COLO-829 BRAF 49.0 0.4290500000000001 0.436584 0.4958779999999998 0.424616 0.37205299999999986 0.5604859999999999 0.5011950000000003 0.15768900000000005 0.509993 0.509993 0.4284720000000003 0.4991980000000001
33 COLO-829 PI3K 49.0 0.0 0.0 0.0 1.0 0.0 0.4896 0.507 0.0 0.4896 0.4896 0.0 0.5091999999999999
34 LS-411N BRAF 49.0 0.41917800000000016 0.4272750000000003 0.4956630000000002 0.4261710000000002 0.3831280000000002 0.5609130000000001 0.5140049999999999 0.161562 0.5073980000000002 0.5073980000000002 0.4209750000000001 0.4916000000000001
33 COLO-829 p53 49.0 0.0 0.0 0.0 0.9999999999999999 0.4964 0.4964 0.4888 0.0 0.4964 0.4964 0.0 0.496
34 LS-411N PI3K 49.0 0.0 0.0 0.0 1.0 0.0 0.4946 0.5014 0.0 0.4946 0.4946 0.0 0.5004
35 SK-MEL-28 Zero 49.0 0.0 0.0 0.0 1.0 0.49920000000000003 0.49920000000000003 0.5022 0.0 0.49920000000000003 0.49920000000000003 0.0 0.5004
34 LS-411N p53 49.0 0.0 0.0 0.0 0.9999999999999999 0.5074 0.5074 0.49139999999999995 0.0 0.5074 0.5074 0.0 0.4882
36 GP5d Zero 49.0 1.0 0.0 0.0 1.0 1.0 0.5007999999999999 0.51 0.0 0.5007999999999999 0.5007999999999999 1.0 0.4906
35 SK-MEL-28 BRAF 49.0 0.412872 0.407999 0.48921299999999995 0.4322950000000001 0.7309509999999998 0.545672 0.5012019999999999 0.15056800000000006 0.49560400000000004 0.49560400000000004 0.4182240000000001 0.5032020000000001
36 GP5d BRAF 49.0 1.0 0.0 0.0 1.0 1.0 0.506 0.49960000000000004 0.0 0.506 0.506 1.0 0.4824
35 SK-MEL-28 PI3K 49.0 0.0 0.0 0.0 1.0 0.0 0.5038 0.5058 0.0 0.5038 0.5038 0.0 0.5062
36 GP5d PI3K 49.0 0.9999999999999999 0.0 0.0 0.9999999999999999 0.0 0.511 0.49160000000000004 0.0 0.511 0.511 0.9999999999999999 0.493
36 GP5d p53 49.0 1.0 0.0 0.0 1.0 1.0 0.497 0.506 0.0 0.497 0.497 1.0 0.48739999999999994
35 SK-MEL-28 p53 49.0 0.0 0.0 0.0 1.0 0.5012000000000001 0.5012000000000001 0.4962 0.0 0.5012000000000001 0.5012000000000001 0.0 0.48519999999999996
37 IGR-1 Zero 49.0 0.0 0.0 0.0 1.0 0.248 0.5015999999999999 0.5014000000000001 0.0 0.5015999999999999 0.5015999999999999 0.0 0.4972
38 SK-CO-1 Zero 49.0 1.0 0.0 0.0 1.0 0.25039999999999996 0.5084 0.5 0.0 0.5084 0.5084 1.0 0.5058
38 SK-CO-1 BRAF 49.0 0.9999999999999999 0.0 0.0 0.9999999999999999 0.253 0.5087999999999999 0.5097999999999999 0.0 0.5087999999999999 0.5087999999999999 0.9999999999999999 0.49520000000000003
38 SK-CO-1 PI3K 49.0 1.0 0.0 0.0 1.0 0.0 0.5058 0.49239999999999995 0.0 0.5058 0.5058 1.0 0.5034
37 IGR-1 BRAF 49.0 0.4386609999999997 0.4330619999999998 0.5019870000000001 0.4177429999999995 0.37065699999999985 0.53959 0.4912049999999996 0.16195000000000004 0.49080499999999977 0.49080499999999977 0.42735699999999965 0.49739999999999984
38 SK-CO-1 p53 49.0 1.0 0.0 0.0 1.0 0.4964 0.4964 0.4958 0.0 0.4964 0.4964 1.0 0.508
37 IGR-1 PI3K 49.0 0.0 0.0 0.0 1.0 0.0 0.4934 0.4934 0.0 0.4934 0.4934 0.0 0.505
37 IGR-1 p53 49.0 0.0 0.0 0.0 1.0 0.49560000000000004 0.49560000000000004 0.5054000000000001 0.0 0.49560000000000004 0.49560000000000004 0.0 0.4814
39 HT-115 Zero 49.0 0.43432599999999993 0.43157299999999993 0.5033999999999998 0.42049399999999987 0.9999960000000001 0.5387619999999997 0.49419899999999983 0.16292399999999999 0.4880009999999999 0.4880009999999999 0.43298899999999996 0.500598
40 LS-180 Zero 49.0 1.0 0.0 0.0 1.0 1.0 0.4962 0.4968 0.0 0.4962 0.4962 1.0 0.5102
40 LS-180 BRAF 49.0 1.0 0.0 0.0 1.0 1.0 0.49559999999999993 0.5038 0.0 0.49559999999999993 0.49559999999999993 1.0 0.49859999999999993
40 LS-180 PI3K 49.0 1.0 0.0 0.0 1.0 0.0 0.4962 0.4896 0.0 0.4962 0.4962 1.0 0.5052
39 HT-115 BRAF 49.0 0.426746 0.423207 0.4886280000000002 0.422431 0.9999999999999991 0.5522149999999998 0.4877990000000001 0.15711799999999998 0.5042 0.5042 0.4244800000000001 0.49580000000000013
40 LS-180 p53 49.0 1.0 0.0 0.0 1.0 1.0 0.5 0.4914 0.0 0.5 0.5 1.0 0.5052000000000001
41 C32 Zero 49.0 0.0 0.0 0.0 1.0 0.2496 0.49679999999999996 0.501 0.0 0.49679999999999996 0.49679999999999996 0.0 0.4986
39 HT-115 PI3K 49.0 0.3658699999999997 0.3696009999999999 0.43670899999999974 0.486779 0.0 0.53642 0.4903989999999997 0.13549900000000004 0.4969959999999999 0.4969959999999999 0.366053 0.502595
39 HT-115 p53 49.0 0.4305850000000003 0.4272640000000001 0.48715499999999995 0.4251250000000001 1.000004 0.5442639999999999 0.5028019999999999 0.159123 0.49460199999999993 0.49460199999999993 0.42278000000000004 0.494203
41 C32 BRAF 49.0 0.4254769999999998 0.42057900000000004 0.49579599999999974 0.42538899999999974 0.3707079999999998 0.5463669999999997 0.49840199999999973 0.158125 0.4943979999999999 0.4943979999999999 0.4242919999999997 0.49319999999999997
41 C32 PI3K 49.0 0.0 0.0 0.0 0.9999999999999999 0.0 0.5149999999999999 0.5015999999999999 0.0 0.5149999999999999 0.5149999999999999 0.0 0.49459999999999993
42 COLO-205 Zero 49.0 0.0 0.0 0.0 0.9999999999999999 0.2572 0.499 0.5047999999999999 0.0 0.499 0.499 0.0 0.5012
41 C32 p53 49.0 0.0 0.0 0.0 1.0 0.505 0.505 0.5034000000000001 0.0 0.505 0.505 0.0 0.4988
43 A101D Zero 49.0 0.0 0.0 0.0 1.0 0.2432 0.49439999999999995 0.5066 0.0 0.49439999999999995 0.49439999999999995 0.0 0.5015999999999999
42 COLO-205 BRAF 49.0 0.4349039999999998 0.42522399999999966 0.4851849999999995 0.4396619999999999 0.3698559999999998 0.5444499999999997 0.5102009999999997 0.16208400000000006 0.4909999999999997 0.4909999999999997 0.4345669999999997 0.5016019999999998
42 COLO-205 PI3K 49.0 0.0 0.0 0.0 1.0 0.0 0.4964 0.4904 0.0 0.4964 0.4964 0.0 0.4974
43 A101D BRAF 49.0 0.4226160000000001 0.42446400000000023 0.4975860000000002 0.429625 0.3643300000000001 0.5489180000000002 0.5064080000000003 0.16124800000000006 0.500799 0.500799 0.425388 0.4982060000000001
42 COLO-205 p53 49.0 0.0 0.0 0.0 1.0 0.4982 0.4982 0.5 0.0 0.4982 0.4982 0.0 0.505
43 A101D PI3K 49.0 0.0 0.0 0.0 0.9999999999999999 0.0 0.49239999999999995 0.49939999999999996 0.0 0.49239999999999995 0.49239999999999995 0.0 0.5136
44 SW837 Zero 49.0 1.0 0.0 0.0 1.0 0.5048 0.5048 0.49660000000000004 0.0 0.5048 0.5048 1.0 0.5062
43 A101D p53 49.0 0.0 0.0 0.0 1.0 0.5098 0.5098 0.4958 0.0 0.5098 0.5098 0.0 0.495
44 SW837 BRAF 49.0 0.9999999999999999 0.0 0.0 0.9999999999999999 0.5 0.5 0.4928 0.0 0.5 0.5 0.9999999999999999 0.5044
45 Hs-939-T Zero 49.0 0.0 0.0 0.0 1.0 0.24839999999999998 0.49200000000000005 0.504 0.0 0.49200000000000005 0.49200000000000005 0.0 0.49
44 SW837 PI3K 49.0 1.0 0.0 0.0 1.0 0.0 0.5 0.49839999999999995 0.0 0.5 0.5 1.0 0.49860000000000004
44 SW837 p53 49.0 1.0 0.0 0.0 1.0 0.5114 0.5114 0.4974 0.0 0.5114 0.5114 1.0 0.49739999999999995
45 Hs-939-T BRAF 49.0 0.4161530000000001 0.41516400000000026 0.486201 0.41851499999999975 0.36071100000000006 0.5471059999999998 0.491002 0.15720299999999998 0.499604 0.499604 0.41898199999999985 0.48600399999999994
46 HT55 Zero 49.0 0.0 0.0 0.0 1.0 0.2508 0.5052 0.5004 0.0 0.5052 0.5052 0.0 0.4942
45 Hs-939-T PI3K 49.0 0.0 0.0 0.0 1.0 0.0 0.4924 0.491 0.0 0.4924 0.4924 0.0 0.5004
45 Hs-939-T p53 49.0 0.0 0.0 0.0 1.0 0.48760000000000003 0.48760000000000003 0.5014 0.0 0.48760000000000003 0.48760000000000003 0.0 0.494
46 HT55 BRAF 49.0 0.4327219999999999 0.4286729999999998 0.49054699999999984 0.4241979999999998 0.364055 0.544386 0.5035989999999997 0.15014799999999998 0.4949999999999998 0.4949999999999998 0.4270159999999998 0.49499899999999974
46 HT55 PI3K 49.0 0.0 0.0 0.0 1.0 0.0 0.493 0.493 0.0 0.493 0.493 0.0 0.49140000000000006
46 HT55 p53 49.0 0.0 0.0 0.0 0.9999999999999999 0.5 0.5 0.49760000000000004 0.0 0.5 0.5 0.0 0.49459999999999993
47 COLO-320-HSR Zero 49.0 0.4020029999999997 0.39559299999999986 0.46414299999999975 0.45097199999999965 0.7266659999999996 0.5478309999999996 0.4998039999999997 0.14531000000000008 0.5016029999999998 0.5016029999999998 0.41294899999999973 0.49920499999999973
47 COLO-320-HSR BRAF 49.0 0.42584799999999995 0.42776999999999993 0.4989909999999998 0.4267089999999999 0.7349020000000007 0.545077 0.5007969999999998 0.15659599999999996 0.4922009999999999 0.4922009999999999 0.4310229999999999 0.497998
48 CaR-1 Zero 49.0 0.418553 0.41691899999999993 0.483782 0.442141 0.7285900000000003 0.540088 0.49240899999999976 0.15142800000000006 0.492202 0.492202 0.41710800000000015 0.49820599999999987
47 COLO-320-HSR PI3K 49.0 0.35802999999999985 0.36621599999999976 0.43311399999999983 0.49753399999999953 0.0 0.5563609999999997 0.505399 0.13617100000000004 0.5113979999999997 0.5113979999999997 0.3537009999999997 0.4987979999999998
48 CaR-1 BRAF 49.0 0.4150149999999998 0.41829599999999995 0.49146900000000016 0.420887 0.7324439999999997 0.5492689999999995 0.5015999999999999 0.15721300000000005 0.5007999999999998 0.5007999999999998 0.420222 0.4946030000000002
48 CaR-1 PI3K 49.0 0.3598949999999997 0.34988099999999983 0.40174399999999993 0.5098919999999999 0.0 0.5374330000000004 0.5078 0.137471 0.49100000000000005 0.49100000000000005 0.3684829999999998 0.4924020000000001
47 COLO-320-HSR p53 49.0 0.410693 0.41695000000000004 0.48291400000000007 0.4389669999999999 0.7264629999999997 0.5473189999999996 0.5002019999999999 0.15371899999999997 0.5016009999999999 0.5016009999999999 0.4199149999999998 0.5096009999999999
49 SW1417 Zero 49.0 0.0 0.0 0.0 1.0 0.2594 0.503 0.5065999999999999 0.0 0.503 0.503 0.0 0.4966
48 CaR-1 p53 49.0 0.40464299999999986 0.40679499999999974 0.48223099999999963 0.4416759999999997 0.7212559999999999 0.5371759999999999 0.4925989999999997 0.14418200000000012 0.4971990000000001 0.4971990000000001 0.41385099999999997 0.4937949999999998
49 SW1417 BRAF 49.0 0.4210839999999999 0.4241479999999999 0.4799499999999998 0.4299169999999998 0.37519099999999966 0.5395570000000001 0.5067979999999999 0.16091099999999997 0.4889969999999999 0.4889969999999999 0.4287119999999998 0.4933989999999999
50 SNU-C1 Zero 49.0 0.0 0.0 0.0 1.0 0.248 0.5075999999999999 0.49760000000000004 0.0 0.5075999999999999 0.5075999999999999 0.0 0.5054
49 SW1417 PI3K 49.0 0.0 0.0 0.0 1.0 0.0 0.49660000000000004 0.5130000000000001 0.0 0.49660000000000004 0.49660000000000004 0.0 0.49600000000000005
50 SNU-C1 BRAF 49.0 0.0 0.0 0.0 1.0000000000000002 0.2454 0.4842 0.4962 0.0 0.4842 0.4842 0.0 0.5136000000000001
49 SW1417 p53 49.0 0.0 0.0 0.0 1.0 0.49620000000000003 0.49620000000000003 0.506 0.0 0.49620000000000003 0.49620000000000003 0.0 0.49499999999999994
50 SNU-C1 PI3K 49.0 0.0 0.0 0.0 1.0 0.0 0.5097999999999999 0.5108 0.0 0.5097999999999999 0.5097999999999999 0.0 0.5066
51 K2 Zero 49.0 0.0 0.0 0.0 1.0 0.25160000000000005 0.4974 0.4978 0.0 0.4974 0.4974 0.0 0.499
50 SNU-C1 p53 49.0 0.0 0.0 0.0 0.9999999999999999 0.4928 0.4928 0.49219999999999997 0.0 0.4928 0.4928 0.0 0.494
52 NCI-H747 Zero 49.0 0.9999999999999999 0.0 0.0 0.9999999999999999 0.4976 0.4976 0.5034 0.0 0.4976 0.4976 0.9999999999999999 0.5144
51 K2 BRAF 49.0 0.422801 0.41819800000000007 0.48929500000000037 0.44018499999999994 0.37505899999999986 0.5441489999999999 0.48419999999999985 0.14741600000000019 0.4957989999999998 0.4957989999999998 0.4256760000000001 0.4947979999999999
52 NCI-H747 BRAF 49.0 1.0 0.0 0.0 1.0 0.5076 0.5076 0.5096 0.0 0.5076 0.5076 1.0 0.49539999999999995
51 K2 PI3K 49.0 0.0 0.0 0.0 0.9999999999999999 0.0 0.5012000000000001 0.5032 0.0 0.5012000000000001 0.5012000000000001 0.0 0.5062
52 NCI-H747 PI3K 49.0 1.0 0.0 0.0 1.0 0.0 0.4952 0.5116 0.0 0.4952 0.4952 1.0 0.5078
51 K2 p53 49.0 0.0 0.0 0.0 1.0 0.49939999999999996 0.49939999999999996 0.5 0.0 0.49939999999999996 0.49939999999999996 0.0 0.5047999999999999
52 NCI-H747 p53 49.0 1.0 0.0 0.0 1.0 0.5042 0.5042 0.5046 0.0 0.5042 0.5042 1.0 0.492
53 A375 Zero 49.0 0.0 0.0 0.0 1.0 0.2404 0.4826 0.5 0.0 0.4826 0.4826 0.0 0.5022
54 SK-MEL-1 Zero 49.0 0.0 0.0 0.0 1.0 0.2446 0.4982000000000001 0.5054 0.0 0.4982000000000001 0.4982000000000001 0.0 0.49540000000000006
53 A375 BRAF 49.0 0.42578300000000024 0.4233640000000001 0.494067 0.42537299999999995 0.35743799999999987 0.5513580000000003 0.503796 0.166008 0.49659600000000015 0.49659600000000015 0.42408999999999997 0.504594
54 SK-MEL-1 BRAF 49.0 0.42537999999999987 0.4293749999999998 0.5024339999999997 0.4117119999999999 0.3703090000000001 0.5564569999999993 0.4861969999999998 0.15269399999999994 0.5037979999999995 0.5037979999999995 0.423228 0.49359599999999987
53 A375 PI3K 49.0 0.0 0.0 0.0 1.0 0.0 0.5047999999999999 0.5118 0.0 0.5047999999999999 0.5047999999999999 0.0 0.502
54 SK-MEL-1 PI3K 49.0 0.0 0.0 0.0 1.0 0.0 0.5022 0.4958 0.0 0.5022 0.5022 0.0 0.4944
53 A375 p53 49.0 0.0 0.0 0.0 0.9999999999999999 0.5002 0.5002 0.48740000000000006 0.0 0.5002 0.5002 0.0 0.5054
54 SK-MEL-1 p53 49.0 0.0 0.0 0.0 1.0 0.5008 0.5008 0.5008 0.0 0.5008 0.5008 0.0 0.49639999999999995
56 COLO-800 Zero 49.0 0.0 0.0 0.0 1.0 0.5058 0.5058 0.505 0.0 0.5058 0.5058 0.0 0.51
55 SNU-1040 Zero 49.5 0.44828200000000007 0.4498290000000001 0.5301350000000001 0.46303700000000003 0.9999999999999996 0.5488979999999998 0.5179969999999998 0.16424999999999992 0.4995999999999998 0.4995999999999998 0.441287 0.5150009999999997
56 COLO-800 BRAF 49.0 0.4288909999999997 0.4317999999999997 0.49815799999999943 0.42168699999999976 0.7498459999999999 0.5651259999999998 0.5074059999999994 0.15973199999999999 0.511198 0.511198 0.43193599999999976 0.49780099999999977
55 SNU-1040 BRAF 49.5 0.45645699999999995 0.45786599999999983 0.5406199999999999 0.4638190000000001 0.9999960000000003 0.5586860000000002 0.4961959999999998 0.15225699999999998 0.5075990000000001 0.5075990000000001 0.456645 0.5045990000000002
56 COLO-800 PI3K 49.0 0.0 0.0 0.0 1.0 0.0 0.49820000000000003 0.49240000000000006 0.0 0.49820000000000003 0.49820000000000003 0.0 0.498
56 COLO-800 p53 49.0 0.0 0.0 0.0 1.0 0.511 0.511 0.506 0.0 0.511 0.511 0.0 0.49439999999999995
55 SNU-1040 PI3K 49.5 0.38546500000000017 0.37817400000000007 0.45134599999999986 0.5505159999999998 0.0 0.5388800000000001 0.48259999999999986 0.120072 0.5004000000000001 0.5004000000000001 0.38771999999999995 0.5047959999999999
57 HT-29 Zero 49.0 0.0 0.0 0.0 0.9999999999999999 0.9999999999999999 0.4928 0.49939999999999996 0.0 0.4928 0.4928 0.0 0.5062
55 SNU-1040 p53 49.5 0.47464799999999996 0.473599 0.5452750000000002 0.46943 0.9999999999999999 0.5576190000000002 0.49659999999999993 0.15621299999999996 0.5069960000000002 0.5069960000000002 0.4752019999999999 0.4932
57 HT-29 BRAF 49.0 0.42367200000000016 0.4180450000000001 0.500276 0.4205300000000002 1.0000049999999991 0.5537459999999997 0.49620600000000015 0.15776700000000002 0.4986010000000002 0.4986010000000002 0.4306480000000002 0.48680200000000023
58 SK-MEL-30 Zero 49.0 0.9999999999999999 0.0 0.0 0.9999999999999999 0.24519999999999997 0.5046 0.5096 0.0 0.5046 0.5046 0.9999999999999999 0.5032
57 HT-29 PI3K 49.0 0.0 0.0 0.0 1.0 0.0 0.5045999999999999 0.5052 0.0 0.5045999999999999 0.5045999999999999 0.0 0.5012
58 SK-MEL-30 BRAF 49.0 0.9999999999999999 0.0 0.0 0.9999999999999999 0.25320000000000004 0.496 0.49400000000000005 0.0 0.496 0.496 0.9999999999999999 0.49520000000000003
57 HT-29 p53 49.0 0.0 0.0 0.0 1.0 1.0 0.49360000000000004 0.49840000000000007 0.0 0.49360000000000004 0.49360000000000004 0.0 0.503
58 SK-MEL-30 PI3K 49.0 0.9999999999999999 0.0 0.0 0.9999999999999999 0.0 0.508 0.519 0.0 0.508 0.508 0.9999999999999999 0.49659999999999993
59 SNU-407 Zero 49.0 1.0 0.0 0.0 1.0 1.0 0.4986 0.4974 0.0 0.4986 0.4986 1.0 0.496
58 SK-MEL-30 p53 49.0 1.0 0.0 0.0 1.0 0.5064 0.5064 0.5034000000000001 0.0 0.5064 0.5064 1.0 0.493
59 SNU-407 BRAF 49.0 1.0 0.0 0.0 1.0 1.0 0.49560000000000004 0.5058 0.0 0.49560000000000004 0.49560000000000004 1.0 0.5202
60 G-361 Zero 49.0 0.0 0.0 0.0 1.0 0.2502 0.48799999999999993 0.496 0.0 0.48799999999999993 0.48799999999999993 0.0 0.49839999999999995
59 SNU-407 PI3K 49.0 1.0 0.0 0.0 1.0 0.0 0.5024000000000001 0.5048 0.0 0.5024000000000001 0.5024000000000001 1.0 0.4948
59 SNU-407 p53 49.0 1.0 0.0 0.0 1.0 1.0 0.49760000000000004 0.5072 0.0 0.49760000000000004 0.49760000000000004 1.0 0.5005999999999999
60 G-361 BRAF 49.0 0.42934800000000034 0.4349870000000003 0.494589 0.42990899999999993 0.370361 0.5581190000000003 0.49880099999999994 0.14940300000000004 0.5107980000000002 0.5107980000000002 0.4269690000000002 0.5064060000000001
61 M14 Zero 49.0 0.0 0.0 0.0 1.0 0.5062 0.5062 0.5088 0.0 0.5062 0.5062 0.0 0.4978
60 G-361 PI3K 49.0 0.0 0.0 0.0 1.0 0.0 0.4982 0.4972 0.0 0.4982 0.4982 0.0 0.5006
60 G-361 p53 49.0 0.0 0.0 0.0 1.0 0.5 0.5 0.5024 0.0 0.5 0.5 0.0 0.4992
61 M14 BRAF 49.0 0.425982 0.43261300000000014 0.49888400000000005 0.424829 0.7264980000000001 0.5409840000000001 0.4982029999999999 0.15715100000000007 0.489997 0.489997 0.4280200000000002 0.517398
62 CP66-MEL Zero 49.0 1.0 0.0 0.0 1.0 0.2488 0.49760000000000004 0.4882 0.0 0.49760000000000004 0.49760000000000004 1.0 0.515
61 M14 PI3K 49.0 0.0 0.0 0.0 1.0 0.0 0.48739999999999994 0.5107999999999999 0.0 0.48739999999999994 0.48739999999999994 0.0 0.4952
62 CP66-MEL BRAF 49.0 1.0 0.0 0.0 1.0 0.24359999999999998 0.5065999999999999 0.49999999999999994 0.0 0.5065999999999999 0.5065999999999999 1.0 0.4932
61 M14 p53 49.0 0.0 0.0 0.0 1.0 0.507 0.507 0.49400000000000005 0.0 0.507 0.507 0.0 0.504
62 CP66-MEL PI3K 49.0 0.9999999999999999 0.0 0.0 0.9999999999999999 0.0 0.5035999999999999 0.5006 0.0 0.5035999999999999 0.5035999999999999 0.9999999999999999 0.48919999999999997
62 CP66-MEL p53 49.0 1.0 0.0 0.0 1.0 0.5077999999999999 0.5077999999999999 0.5066 0.0 0.5077999999999999 0.5077999999999999 1.0 0.48619999999999997
63 CL-34 Zero 49.0 0.0 0.0 0.0 1.0 0.245 0.4933999999999999 0.4926 0.0 0.4933999999999999 0.4933999999999999 0.0 0.5085999999999999
63 CL-34 BRAF 49.0 0.42498699999999995 0.41825399999999996 0.48959799999999987 0.42704399999999987 0.36195999999999995 0.5429620000000001 0.49900499999999975 0.15973099999999998 0.49000299999999997 0.49000299999999997 0.43002899999999994 0.4912080000000002
64 CHL-1 Zero 49.0 0.415818 0.41956999999999994 0.4877719999999999 0.43414200000000014 0.733343 0.5573740000000001 0.5102 0.15118900000000007 0.508802 0.508802 0.41687799999999997 0.4940020000000001
63 CL-34 PI3K 49.0 0.0 0.0 0.0 1.0 0.0 0.5062 0.5094000000000001 0.0 0.5062 0.5062 0.0 0.5004
63 CL-34 p53 49.0 0.0 0.0 0.0 1.0 0.5065999999999999 0.5065999999999999 0.513 0.0 0.5065999999999999 0.5065999999999999 0.0 0.489
65 SK-MEL-2 Zero 49.0 1.0 0.0 0.0 1.0 0.5012 0.5012 0.4968 0.0 0.5012 0.5012 1.0 0.5095999999999999
64 CHL-1 BRAF 49.0 0.42132099999999983 0.4286210000000001 0.4926840000000001 0.42092799999999997 0.7317369999999995 0.5458109999999998 0.492994 0.15331599999999998 0.4977970000000001 0.4977970000000001 0.42005300000000007 0.5001990000000001
65 SK-MEL-2 BRAF 49.0 1.0 0.0 0.0 1.0 0.4956 0.4956 0.4944 0.0 0.4956 0.4956 1.0 0.5
65 SK-MEL-2 PI3K 49.0 1.0 0.0 0.0 1.0 0.0 0.49860000000000004 0.4968 0.0 0.49860000000000004 0.49860000000000004 1.0 0.5018
64 CHL-1 PI3K 49.0 0.37250000000000016 0.3678700000000002 0.4291010000000001 0.49663900000000005 0.0 0.5367309999999996 0.5041989999999998 0.13316400000000006 0.4938020000000001 0.4938020000000001 0.36509100000000017 0.5022009999999999
65 SK-MEL-2 p53 49.0 0.9999999999999999 0.0 0.0 0.9999999999999999 0.5018 0.5018 0.4976 0.0 0.5018 0.5018 0.9999999999999999 0.5087999999999999
66 RPMI-7951 Zero 49.0 0.0 0.0 0.0 1.0 0.24359999999999998 0.5007999999999999 0.49739999999999995 0.0 0.5007999999999999 0.5007999999999999 0.0 0.503
64 CHL-1 p53 49.0 0.4141719999999997 0.4119679999999998 0.4946999999999999 0.4302769999999998 0.7377499999999991 0.5609629999999993 0.4942049999999998 0.152932 0.5141999999999998 0.5141999999999998 0.4105799999999998 0.5023999999999998
67 SK-MEL-31 Zero 49.0 0.0 0.0 0.0 1.0 0.246 0.4934 0.5042 0.0 0.4934 0.4934 0.0 0.4966
66 RPMI-7951 BRAF 49.0 0.4250400000000001 0.43299099999999996 0.49949100000000013 0.4156440000000001 0.35336900000000004 0.5448910000000001 0.501999 0.16550699999999996 0.489796 0.489796 0.41690000000000005 0.5097960000000001
66 RPMI-7951 PI3K 49.0 0.0 0.0 0.0 1.0000000000000002 0.0 0.5034000000000001 0.5024000000000001 0.0 0.5034000000000001 0.5034000000000001 0.0 0.48560000000000003
66 RPMI-7951 p53 49.0 0.0 0.0 0.0 1.0 0.486 0.486 0.4976 0.0 0.486 0.486 0.0 0.49160000000000004
67 SK-MEL-31 BRAF 49.0 0.4215290000000001 0.428693 0.4935830000000001 0.4290950000000002 0.37134000000000017 0.5473540000000001 0.5027970000000003 0.151533 0.4985930000000001 0.4985930000000001 0.42285800000000023 0.48500200000000004
67 SK-MEL-31 PI3K 49.0 0.0 0.0 0.0 1.0 0.0 0.496 0.493 0.0 0.496 0.496 0.0 0.5134
68 UACC-257 Zero 49.0 0.0 0.0 0.0 1.0 0.24319999999999997 0.4898 0.5052 0.0 0.4898 0.4898 0.0 0.4978
67 SK-MEL-31 p53 49.0 0.0 0.0 0.0 1.0 0.49959999999999993 0.49959999999999993 0.4854 0.0 0.49959999999999993 0.49959999999999993 0.0 0.506
69 SW1463 Zero 49.0 1.0000000000000002 0.0 0.0 1.0000000000000002 0.49839999999999995 0.49839999999999995 0.4972 0.0 0.49839999999999995 0.49839999999999995 1.0000000000000002 0.4918
68 UACC-257 BRAF 49.0 0.43360099999999996 0.435031 0.5019259999999998 0.4234619999999999 0.37025999999999987 0.5594429999999998 0.49919500000000006 0.14986400000000008 0.5130009999999998 0.5130009999999998 0.43899200000000005 0.5069999999999999
69 SW1463 BRAF 49.0 1.0 0.0 0.0 1.0 0.501 0.501 0.4976 0.0 0.501 0.501 1.0 0.49179999999999996
68 UACC-257 PI3K 49.0 0.0 0.0 0.0 1.0 0.0 0.5 0.4892 0.0 0.5 0.5 0.0 0.503
69 SW1463 PI3K 49.0 1.0 0.0 0.0 1.0 0.0 0.4896 0.509 0.0 0.4896 0.4896 1.0 0.5038
68 UACC-257 p53 49.0 0.0 0.0 0.0 1.0 0.49260000000000004 0.49260000000000004 0.4942 0.0 0.49260000000000004 0.49260000000000004 0.0 0.4978
69 SW1463 p53 49.0 0.9999999999999999 0.0 0.0 0.9999999999999999 0.518 0.518 0.4992 0.0 0.518 0.518 0.9999999999999999 0.49119999999999997
70 SW626 Zero 49.0 1.0 0.0 0.0 1.0 0.25579999999999997 0.4986 0.494 0.0 0.4986 0.4986 1.0 0.4972
71 COLO-678 Zero 49.0 1.0 0.0 0.0 1.0 0.24559999999999998 0.5036 0.5092 0.0 0.5036 0.5036 1.0 0.5010000000000001
70 SW626 BRAF 49.0 1.0 0.0 0.0 1.0 0.246 0.4877999999999999 0.49979999999999997 0.0 0.4877999999999999 0.4877999999999999 1.0 0.49799999999999994
71 COLO-678 BRAF 49.0 1.0 0.0 0.0 1.0 0.2454 0.5002 0.5044 0.0 0.5002 0.5002 1.0 0.49959999999999993
70 SW626 PI3K 49.0 1.0 0.0 0.0 1.0 0.0 0.4942 0.49760000000000004 0.0 0.4942 0.4942 1.0 0.494
71 COLO-678 PI3K 49.0 1.0 0.0 0.0 1.0 0.0 0.49820000000000003 0.5012000000000001 0.0 0.49820000000000003 0.49820000000000003 1.0 0.48340000000000005
70 SW626 p53 49.0 1.0 0.0 0.0 1.0 0.49639999999999995 0.49639999999999995 0.5034 0.0 0.49639999999999995 0.49639999999999995 1.0 0.493
71 COLO-678 p53 49.0 1.0 0.0 0.0 1.0 0.5008 0.5008 0.49360000000000004 0.0 0.5008 0.5008 1.0 0.49040000000000006
72 IST-MEL1 Zero 49.0 0.0 0.0 0.0 1.0 0.5004 0.5004 0.494 0.0 0.5004 0.5004 0.0 0.5026
73 SW48 Zero 49.0 0.0 0.0 0.0 1.0 1.0 0.499 0.4914 1.0 0.499 0.499 0.0 0.5184
73 SW48 BRAF 49.0 0.0 0.0 0.0 1.0 1.0 0.491 0.49839999999999995 1.0 0.491 0.491 0.0 0.49660000000000004
72 IST-MEL1 BRAF 49.0 0.41873899999999975 0.4165059999999999 0.48230399999999973 0.44445899999999955 0.7492440000000001 0.5628840000000003 0.502796 0.15713200000000008 0.507598 0.507598 0.4295809999999997 0.5031990000000001
73 SW48 PI3K 49.0 0.0 0.0 0.0 0.9999999999999999 0.0 0.495 0.4998 0.9999999999999999 0.495 0.495 0.0 0.4992
73 SW48 p53 49.0 0.0 0.0 0.0 1.0 1.0 0.4928 0.497 1.0 0.4928 0.4928 0.0 0.4902
72 IST-MEL1 PI3K 49.0 0.0 0.0 0.0 1.0 0.0 0.5037999999999999 0.501 0.0 0.5037999999999999 0.5037999999999999 0.0 0.4986
72 IST-MEL1 p53 49.0 0.0 0.0 0.0 1.0 0.49620000000000003 0.49620000000000003 0.506 0.0 0.49620000000000003 0.49620000000000003 0.0 0.48460000000000003
75 COLO-679 Zero 49.0 0.0 0.0 0.0 0.9999999999999999 0.245 0.5042 0.5034 0.0 0.5042 0.5042 0.0 0.5142
74 COLO-792 Zero 49.0 0.3947050000000001 0.39562299999999995 0.4593169999999999 0.46913199999999977 0.35468199999999983 0.546045 0.4881929999999997 0.1400469999999999 0.5012009999999999 0.5012009999999999 0.38659799999999994 0.5069949999999999
75 COLO-679 BRAF 49.0 0.42477399999999993 0.4223729999999998 0.4882380000000001 0.4304789999999999 0.3773550000000001 0.549772 0.4994040000000002 0.15055399999999994 0.5022040000000003 0.5022040000000003 0.4254629999999999 0.5009990000000002
74 COLO-792 BRAF 49.0 0.4339779999999998 0.43550299999999975 0.4995809999999997 0.42755299999999996 0.3640299999999999 0.5501679999999999 0.5065979999999997 0.1563499999999999 0.49959899999999996 0.49959899999999996 0.42616399999999993 0.5048030000000001
75 COLO-679 PI3K 49.0 0.0 0.0 0.0 1.0000000000000002 0.0 0.48560000000000003 0.5012000000000001 0.0 0.48560000000000003 0.48560000000000003 0.0 0.49879999999999997
75 COLO-679 p53 49.0 0.0 0.0 0.0 1.0 0.5136 0.5136 0.4958 0.0 0.5136 0.5136 0.0 0.5006
74 COLO-792 PI3K 49.0 0.36745299999999986 0.36794599999999983 0.4241349999999998 0.5034849999999997 0.0 0.5498380000000002 0.5064049999999998 0.13314900000000002 0.5088029999999997 0.5088029999999997 0.36408499999999994 0.49500399999999983
76 Hs-940-T Zero 49.0 0.9999999999999998 0.0 0.0 0.9999999999999998 0.2474 0.499 0.5070000000000001 0.0 0.499 0.499 0.9999999999999998 0.49960000000000004
76 Hs-940-T BRAF 49.0 1.0 0.0 0.0 1.0 0.24720000000000003 0.4882 0.5069999999999999 0.0 0.4882 0.4882 1.0 0.4976
76 Hs-940-T PI3K 49.0 1.0 0.0 0.0 1.0 0.0 0.49720000000000003 0.5084 0.0 0.49720000000000003 0.49720000000000003 1.0 0.4884
74 COLO-792 p53 49.0 0.4016629999999998 0.40641499999999986 0.4751489999999998 0.4394059999999996 0.7135530000000003 0.540443 0.49619499999999994 0.151224 0.49440099999999987 0.49440099999999987 0.4084649999999998 0.499003
76 Hs-940-T p53 49.0 1.0 0.0 0.0 1.0 0.5062 0.5062 0.4966 0.0 0.5062 0.5062 1.0 0.49979999999999997
77 HCT-116 Zero 49.0 1.0 0.0 0.0 1.0 1.0 0.492 0.48460000000000003 0.0 0.492 0.492 1.0 0.4908
77 HCT-116 BRAF 49.0 1.0 0.0 0.0 1.0 1.0 0.4884 0.4916 0.0 0.4884 0.4884 1.0 0.4916
78 RCM-1 Zero 49.0 0.9999999999999999 0.0 0.0 0.9999999999999999 0.2434 0.5042000000000001 0.5127999999999999 0.0 0.5042000000000001 0.5042000000000001 0.9999999999999999 0.5048
77 HCT-116 PI3K 49.0 0.9999999999999999 0.0 0.0 0.9999999999999999 0.0 0.508 0.4936 0.0 0.508 0.508 0.9999999999999999 0.4952
78 RCM-1 BRAF 49.0 1.0 0.0 0.0 1.0 0.24800000000000003 0.49760000000000004 0.4932 0.0 0.49760000000000004 0.49760000000000004 1.0 0.49500000000000005
77 HCT-116 p53 49.0 1.0 0.0 0.0 1.0 1.0 0.49319999999999997 0.5005999999999999 0.0 0.49319999999999997 0.49319999999999997 1.0 0.5018
78 RCM-1 PI3K 49.0 1.0 0.0 0.0 1.0 0.0 0.5032000000000001 0.49679999999999996 0.0 0.5032000000000001 0.5032000000000001 1.0 0.48819999999999997
78 RCM-1 p53 49.0 1.0 0.0 0.0 1.0 0.5068 0.5068 0.49820000000000003 0.0 0.5068 0.5068 1.0 0.4752
79 MZ7-mel Zero 49.0 0.0 0.0 0.0 1.0 0.246 0.4858 0.49060000000000004 0.0 0.4858 0.4858 0.0 0.495
80 SH-4 Zero 49.0 0.0 0.0 0.0 1.0 0.2576 0.49599999999999994 0.5006 0.0 0.49599999999999994 0.49599999999999994 0.0 0.4926
79 MZ7-mel BRAF 49.0 0.42654099999999956 0.42590699999999987 0.48950799999999983 0.4305039999999995 0.37997099999999984 0.5562079999999999 0.4952049999999998 0.15734400000000018 0.5030019999999998 0.5030019999999998 0.4279849999999996 0.5092039999999998
79 MZ7-mel PI3K 49.0 0.0 0.0 0.0 1.0 0.0 0.4994 0.5016 0.0 0.4994 0.4994 0.0 0.49620000000000003
80 SH-4 BRAF 49.0 0.41872000000000004 0.42587199999999975 0.49038899999999985 0.43365500000000007 0.37036999999999987 0.5518009999999998 0.5033970000000003 0.15751700000000007 0.500402 0.500402 0.423016 0.4953940000000003
79 MZ7-mel p53 49.0 0.0 0.0 0.0 1.0 0.5054000000000001 0.5054000000000001 0.498 0.0 0.5054000000000001 0.5054000000000001 0.0 0.5014
80 SH-4 PI3K 49.0 0.0 0.0 0.0 1.0 0.0 0.4994 0.5102 0.0 0.4994 0.4994 0.0 0.5034000000000001
81 451Lu Zero 49.0 0.0 0.0 0.0 1.0 0.5025999999999999 0.5025999999999999 0.4924 0.0 0.5025999999999999 0.5025999999999999 0.0 0.5038
80 SH-4 p53 49.0 0.0 0.0 0.0 1.0 0.48560000000000003 0.48560000000000003 0.4894 0.0 0.48560000000000003 0.48560000000000003 0.0 0.5065999999999999
82 CL-40 Zero 49.0 1.0 0.0 0.0 1.0 0.4954 0.4954 0.495 0.0 0.4954 0.4954 1.0 0.512
82 CL-40 BRAF 49.0 1.0 0.0 0.0 1.0 0.49900000000000005 0.49900000000000005 0.4906 0.0 0.49900000000000005 0.49900000000000005 1.0 0.5078
81 451Lu BRAF 49.0 0.42094200000000004 0.4207799999999999 0.4929389999999998 0.428673 0.7387029999999994 0.5600889999999994 0.4919949999999999 0.16062500000000002 0.5061999999999999 0.5061999999999999 0.424109 0.49679899999999994
82 CL-40 PI3K 49.0 1.0 0.0 0.0 1.0 0.0 0.4958 0.496 0.0 0.4958 0.4958 1.0 0.5052
81 451Lu PI3K 49.0 0.0 0.0 0.0 1.0 0.0 0.5022 0.49979999999999997 0.0 0.5022 0.5022 0.0 0.5074
82 CL-40 p53 49.0 1.0 0.0 0.0 1.0 0.4996 0.4996 0.5006 0.0 0.4996 0.4996 1.0 0.49600000000000005
81 451Lu p53 49.0 0.0 0.0 0.0 0.9999999999999999 0.49539999999999995 0.49539999999999995 0.49979999999999997 0.0 0.49539999999999995 0.49539999999999995 0.0 0.5024
83 IGR-37 Zero 49.0 0.0 0.0 0.0 1.0 0.2604 0.515 0.4942 0.0 0.515 0.515 0.0 0.4874
84 LOXIMVI Zero 49.0 0.0 0.0 0.0 0.9999999999999999 0.2404 0.5104 0.5038 0.0 0.5104 0.5104 0.0 0.4914
83 IGR-37 BRAF 49.0 0.4275980000000001 0.43289 0.501769 0.41842100000000004 0.37732800000000016 0.5528309999999995 0.48479300000000036 0.150425 0.502197 0.502197 0.42928100000000013 0.5017949999999999
84 LOXIMVI BRAF 49.0 0.42207199999999984 0.42271299999999995 0.48918399999999984 0.43213099999999993 0.380033 0.5546409999999998 0.4974019999999997 0.1518960000000001 0.5054 0.5054 0.42537299999999995 0.5106019999999999
83 IGR-37 PI3K 49.0 0.0 0.0 0.0 1.0 0.0 0.5038 0.5098 0.0 0.5038 0.5038 0.0 0.49160000000000004
84 LOXIMVI PI3K 49.0 0.0 0.0 0.0 1.0 0.0 0.4905999999999999 0.507 0.0 0.4905999999999999 0.4905999999999999 0.0 0.5095999999999999
83 IGR-37 p53 49.0 0.0 0.0 0.0 1.0 0.497 0.497 0.4976 0.0 0.497 0.497 0.0 0.5062
84 LOXIMVI p53 49.0 0.0 0.0 0.0 1.0 0.4996 0.4996 0.49620000000000003 0.0 0.4996 0.4996 0.0 0.5064000000000001
85 A2058 Zero 49.0 0.0 0.0 0.0 0.9999999999999999 0.496 0.496 0.5082 0.0 0.496 0.496 0.0 0.4872
86 HMV-II Zero 49.0 1.0 0.0 0.0 1.0 0.2468 0.49319999999999997 0.5018 0.0 0.49319999999999997 0.49319999999999997 1.0 0.4978
85 A2058 BRAF 49.0 0.0 0.0 0.0 1.0 0.5045999999999999 0.5045999999999999 0.5034 0.0 0.5045999999999999 0.5045999999999999 0.0 0.4972
86 HMV-II BRAF 49.0 1.0 0.0 0.0 1.0 0.2538 0.4976 0.5108 0.0 0.4976 0.4976 1.0 0.49920000000000003
85 A2058 PI3K 49.0 0.0 0.0 0.0 1.0 0.0 0.5065999999999999 0.4946 0.0 0.5065999999999999 0.5065999999999999 0.0 0.49420000000000003
86 HMV-II PI3K 49.0 1.0 0.0 0.0 1.0 0.0 0.5112 0.5048 0.0 0.5112 0.5112 1.0 0.5068
85 A2058 p53 49.0 0.0 0.0 0.0 1.0 0.49939999999999996 0.49939999999999996 0.5008 0.0 0.49939999999999996 0.49939999999999996 0.0 0.5038
86 HMV-II p53 49.0 1.0 0.0 0.0 1.0 0.5004000000000001 0.5004000000000001 0.5046 0.0 0.5004000000000001 0.5004000000000001 1.0 0.49399999999999994
87 SW620 Zero 49.0 1.0 0.0 0.0 1.0 0.4976 0.4976 0.5094 0.0 0.4976 0.4976 1.0 0.49979999999999997
88 HCT-15 Zero 49.0 1.0 0.0 0.0 1.0 1.0 0.49520000000000003 0.487 0.0 0.49520000000000003 0.49520000000000003 1.0 0.5128
88 HCT-15 BRAF 49.0 1.0 0.0 0.0 1.0 1.0 0.4904 0.49540000000000006 0.0 0.4904 0.4904 1.0 0.5034
87 SW620 BRAF 49.0 0.9999999999999999 0.0 0.0 0.9999999999999999 0.5046 0.5046 0.5078 0.0 0.5046 0.5046 0.9999999999999999 0.5164
88 HCT-15 PI3K 49.0 1.0 0.0 0.0 1.0 0.0 0.5024 0.5058 0.0 0.5024 0.5024 1.0 0.5032
87 SW620 PI3K 49.0 1.0 0.0 0.0 1.0 0.0 0.501 0.49479999999999996 0.0 0.501 0.501 1.0 0.5104
88 HCT-15 p53 49.0 0.9999999999999999 0.0 0.0 0.9999999999999999 0.9999999999999999 0.5129999999999999 0.5038 0.0 0.5129999999999999 0.5129999999999999 0.9999999999999999 0.5064
87 SW620 p53 49.0 1.0 0.0 0.0 1.0 0.4936 0.4936 0.496 0.0 0.4936 0.4936 1.0 0.5024
89 LB2518-MEL Zero 49.0 0.9999999999999999 0.0 0.0 0.9999999999999999 0.249 0.499 0.5028 0.0 0.499 0.499 0.9999999999999999 0.5014
90 CP67-MEL Zero 49.0 0.0 0.0 0.0 1.0000000000000002 0.2522 0.5118 0.491 0.0 0.5118 0.5118 0.0 0.504
89 LB2518-MEL BRAF 49.0 1.0 0.0 0.0 1.0 0.25759999999999994 0.5085999999999999 0.4908 0.0 0.5085999999999999 0.5085999999999999 1.0 0.5042
89 LB2518-MEL PI3K 49.0 1.0 0.0 0.0 1.0 0.0 0.5008 0.501 0.0 0.5008 0.5008 1.0 0.4878
90 CP67-MEL BRAF 49.0 0.4373799999999999 0.431635 0.5017639999999999 0.4267379999999998 0.37080300000000005 0.5618979999999993 0.5128059999999998 0.1534910000000001 0.511405 0.511405 0.4355509999999999 0.5006049999999997
89 LB2518-MEL p53 49.0 0.9999999999999999 0.0 0.0 0.9999999999999999 0.4972 0.4972 0.488 0.0 0.4972 0.4972 0.9999999999999999 0.49
90 CP67-MEL PI3K 49.0 0.0 0.0 0.0 1.0 0.0 0.4952 0.4935999999999999 0.0 0.4952 0.4952 0.0 0.4948
90 CP67-MEL p53 49.0 0.0 0.0 0.0 1.0 0.4954 0.4954 0.5092 0.0 0.4954 0.4954 0.0 0.502
91 Mewo Zero 49.0 0.39589600000000025 0.38912700000000033 0.4512340000000001 0.46978199999999987 0.36357100000000003 0.5386689999999997 0.5089909999999997 0.14585500000000015 0.4927959999999997 0.4927959999999997 0.3983160000000001 0.5025969999999995
92 WM35 Zero 49.0 0.0 0.0 0.0 0.9999999999999998 0.2526 0.5072 0.5114 0.0 0.5072 0.5072 0.0 0.5034
91 Mewo BRAF 49.0 0.4331640000000001 0.4295410000000002 0.49436600000000025 0.42274999999999996 0.3630549999999998 0.5556630000000001 0.49740199999999984 0.15753000000000006 0.507605 0.507605 0.43240799999999996 0.485798
92 WM35 BRAF 49.0 0.4250950000000001 0.42233500000000007 0.49358400000000036 0.43448300000000006 0.36295300000000014 0.5658030000000002 0.49680400000000036 0.15479900000000002 0.5177980000000001 0.5177980000000001 0.43203300000000006 0.5020060000000002
92 WM35 PI3K 49.0 0.0 0.0 0.0 1.0 0.0 0.5178 0.4978 0.0 0.5178 0.5178 0.0 0.4998
91 Mewo PI3K 49.0 0.35638100000000006 0.35375900000000005 0.41879399999999994 0.495249 0.0 0.5404059999999998 0.49580400000000024 0.13479700000000006 0.5001979999999999 0.5001979999999999 0.3607540000000002 0.5145999999999998
92 WM35 p53 49.0 0.0 0.0 0.0 1.0000000000000002 0.5012000000000001 0.5012000000000001 0.5062 0.0 0.5012000000000001 0.5012000000000001 0.0 0.5065999999999999
93 SK-MEL-5 Zero 49.0 0.0 0.0 0.0 1.0 0.24080000000000001 0.5025999999999999 0.49239999999999995 0.0 0.5025999999999999 0.5025999999999999 0.0 0.502
91 Mewo p53 49.0 0.4220130000000001 0.4127800000000001 0.4924940000000002 0.4386950000000003 0.723733 0.5434970000000002 0.4943950000000002 0.150276 0.49439900000000014 0.49439900000000014 0.4242020000000002 0.5029960000000002
93 SK-MEL-5 BRAF 49.0 0.42261399999999977 0.4194999999999998 0.4932959999999998 0.4226009999999997 0.365416 0.5373229999999998 0.5030099999999995 0.15934300000000012 0.4902009999999997 0.4902009999999997 0.4166189999999999 0.4854069999999998
94 SNU-61 Zero 49.0 1.0 0.0 0.0 1.0 0.499 0.499 0.506 0.0 0.499 0.499 1.0 0.49499999999999994
93 SK-MEL-5 PI3K 49.0 0.0 0.0 0.0 1.0 0.0 0.5002 0.4962 0.0 0.5002 0.5002 0.0 0.5142
94 SNU-61 BRAF 49.0 1.0 0.0 0.0 1.0 0.49040000000000006 0.49040000000000006 0.49460000000000004 0.0 0.49040000000000006 0.49040000000000006 1.0 0.5188
93 SK-MEL-5 p53 49.0 0.0 0.0 0.0 1.0 0.5114 0.5114 0.5112 0.0 0.5114 0.5114 0.0 0.5012
94 SNU-61 PI3K 49.0 1.0 0.0 0.0 1.0 0.0 0.4981999999999999 0.5076 0.0 0.4981999999999999 0.4981999999999999 1.0 0.4982
94 SNU-61 p53 49.0 1.0 0.0 0.0 1.0 0.5002 0.5002 0.4952 0.0 0.5002 0.5002 1.0 0.5076
95 CP50-MEL-B Zero 49.0 0.0 0.0 0.0 0.9999999999999999 0.2562 0.5018 0.5018 0.0 0.5018 0.5018 0.0 0.4984
96 MMAc-SF Zero 49.0 0.0 0.0 0.0 1.0 0.25579999999999997 0.502 0.5065999999999999 0.0 0.502 0.502 0.0 0.4918
95 CP50-MEL-B BRAF 49.0 0.42514200000000013 0.43059100000000017 0.492055 0.4252530000000001 0.36844200000000016 0.5549300000000001 0.5032000000000002 0.15687599999999996 0.504204 0.504204 0.4309220000000001 0.5152019999999999
96 MMAc-SF BRAF 49.0 0.430786 0.423013 0.4835790000000002 0.42929799999999996 0.37081500000000006 0.5568919999999999 0.5033899999999997 0.16020300000000007 0.5039929999999998 0.5039929999999998 0.4359639999999999 0.49259299999999995
95 CP50-MEL-B PI3K 49.0 0.0 0.0 0.0 1.0 0.0 0.495 0.4972 0.0 0.495 0.495 0.0 0.5012
96 MMAc-SF PI3K 49.0 0.0 0.0 0.0 1.0 0.0 0.4908 0.493 0.0 0.4908 0.4908 0.0 0.5084
95 CP50-MEL-B p53 49.0 0.0 0.0 0.0 1.0 0.5044 0.5044 0.504 0.0 0.5044 0.5044 0.0 0.49340000000000006
96 MMAc-SF p53 49.0 0.0 0.0 0.0 1.0 0.5034000000000001 0.5034000000000001 0.5072 0.0 0.5034000000000001 0.5034000000000001 0.0 0.5105999999999999
97 MDST8 Zero 49.0 0.0 0.0 0.0 1.0 0.26339999999999997 0.5132 0.4971999999999999 0.0 0.5132 0.5132 0.0 0.5105999999999999
98 RKO Zero 49.0 0.0 0.0 0.0 1.0 1.0 0.5072 0.4982 0.0 0.5072 0.5072 0.0 0.48919999999999997
97 MDST8 BRAF 49.0 0.42605599999999993 0.418949 0.4932469999999999 0.42177299999999995 0.3616659999999998 0.5620620000000002 0.49559499999999984 0.15145200000000006 0.5158 0.5158 0.42330599999999996 0.5091960000000001
98 RKO BRAF 49.0 0.42876 0.42914500000000005 0.49594299999999997 0.427809 1.0000000000000002 0.5486459999999997 0.4993980000000001 0.15605600000000003 0.4954039999999998 0.4954039999999998 0.42574100000000004 0.5026019999999999
97 MDST8 PI3K 49.0 0.0 0.0 0.0 1.0 0.0 0.5189999999999999 0.5094 0.0 0.5189999999999999 0.5189999999999999 0.0 0.5014
98 RKO PI3K 49.0 0.0 0.0 0.0 1.0 0.0 0.5016 0.5008 0.0 0.5016 0.5016 0.0 0.4838
97 MDST8 p53 49.0 0.0 0.0 0.0 0.9999999999999999 0.49820000000000003 0.49820000000000003 0.5107999999999999 0.0 0.49820000000000003 0.49820000000000003 0.0 0.4864
98 RKO p53 49.0 0.0 0.0 0.0 1.0 1.0 0.5038 0.4958 0.0 0.5038 0.5038 0.0 0.4942
99 LoVo Zero 49.0 1.0000000000000002 0.0 0.0 1.0000000000000002 0.2502 0.49739999999999995 0.5022 0.0 0.49739999999999995 0.49739999999999995 1.0000000000000002 0.4956
100 LS-513 Zero 49.0 0.9999999999999999 0.0 0.0 0.9999999999999999 0.25520000000000004 0.5056 0.5022 0.0 0.5056 0.5056 0.9999999999999999 0.5018
99 LoVo BRAF 49.0 1.0 0.0 0.0 1.0 0.24200000000000002 0.4902 0.498 0.0 0.4902 0.4902 1.0 0.5112000000000001
100 LS-513 BRAF 49.0 0.9999999999999999 0.0 0.0 0.9999999999999999 0.2464 0.49879999999999997 0.5044 0.0 0.49879999999999997 0.49879999999999997 0.9999999999999999 0.4888
99 LoVo PI3K 49.0 0.9999999999999999 0.0 0.0 0.9999999999999999 0.0 0.508 0.48719999999999997 0.0 0.508 0.508 0.9999999999999999 0.51
100 LS-513 PI3K 49.0 1.0 0.0 0.0 1.0 0.0 0.5082 0.5004 0.0 0.5082 0.5082 1.0 0.49779999999999996
99 LoVo p53 49.0 1.0 0.0 0.0 1.0 0.5096 0.5096 0.4968 0.0 0.5096 0.5096 1.0 0.49940000000000007
100 LS-513 p53 49.0 0.9999999999999999 0.0 0.0 0.9999999999999999 0.49999999999999994 0.49999999999999994 0.4874 0.0 0.49999999999999994 0.49999999999999994 0.9999999999999999 0.5128
101 LS1034 Zero 49.0 0.9999999999999999 0.0 0.0 0.9999999999999999 0.49820000000000003 0.49820000000000003 0.5025999999999999 0.0 0.49820000000000003 0.49820000000000003 0.9999999999999999 0.4894
102 WM-115 Zero 49.0 0.0 0.0 0.0 1.0 0.2548 0.5026 0.49660000000000004 0.0 0.5026 0.5026 0.0 0.49579999999999996
101 LS1034 BRAF 49.0 1.0 0.0 0.0 1.0 0.511 0.511 0.493 0.0 0.511 0.511 1.0 0.4976
101 LS1034 PI3K 49.0 1.0 0.0 0.0 1.0 0.0 0.5022 0.4876 0.0 0.5022 0.5022 1.0 0.5084
102 WM-115 BRAF 49.0 0.4291670000000002 0.431676 0.4995480000000003 0.418555 0.37813599999999975 0.5538509999999996 0.4950080000000001 0.14845700000000006 0.5070020000000002 0.5070020000000002 0.43143100000000006 0.5024050000000001
101 LS1034 p53 49.0 1.0 0.0 0.0 1.0 0.5032 0.5032 0.499 0.0 0.5032 0.5032 1.0 0.5032
102 WM-115 PI3K 49.0 0.0 0.0 0.0 1.0 0.0 0.498 0.49879999999999997 0.0 0.498 0.498 0.0 0.48779999999999996
102 WM-115 p53 49.0 0.0 0.0 0.0 1.0 0.504 0.504 0.4954 0.0 0.504 0.504 0.0 0.5092
