n_profile Patient_ID Drug_ID Time RAS SOS GRB2 SPRY PI3K GAB1 EGF EGFR HGF MET CRAF FGF
0 SNU-C2B Zero 49.0 1.0000010000000001 0.37619600000000003 0.0 1.0000010000000001 0.6795009999999999 0.491919 0.5174010000000001 0.5863459999999998 0.500201 0.492089 1.0000010000000001 0.0546
0 SNU-C2B BRAF 49.0 0.9999999999999999 0.3641869999999999 0.0 0.9999999999999999 0.6759090000000001 0.487326 0.519601 0.574686 0.49920000000000003 0.4874070000000001 0.9999999999999999 0.051
0 SNU-C2B PI3K 49.0 0.999997 0.34859799999999996 0.0 0.999997 0.0 0.487596 0.5219969999999998 0.5916260000000002 0.49739799999999995 0.4877119999999999 0.999997 0.058198999999999994
0 SNU-C2B p53 49.0 1.0000010000000004 0.36670899999999995 0.0 1.0000010000000004 0.6848540000000001 0.49388499999999985 0.5172019999999997 0.575257 0.5000009999999997 0.49400099999999986 1.0000010000000004 0.05759999999999999
1 SK-MEL-2 Zero 49.0 0.9999989999999999 0.000501 0.0004 0.9997989999999999 0.966691 0.522087 0.29300000000000004 0.0 0.5117999999999999 0.5114 0.9999989999999999 0.0812
1 SK-MEL-2 BRAF 49.0 1.0 0.0002 0.0006000000000000001 1.0 0.971041 0.520717 0.2888 0.0 0.5108 0.5102 1.0 0.0788
1 SK-MEL-2 PI3K 49.0 0.9999999999999999 0.0002 0.0002 0.9997999999999999 0.0 0.5130629999999999 0.2832 0.0 0.5052 0.5048 0.9999999999999999 0.0776
1 SK-MEL-2 p53 49.0 0.9999999999999998 0.0002 0.0004 0.9997999999999998 0.9661999999999997 0.5175999999999998 0.2904 0.0 0.5057999999999999 0.5054 0.9999999999999998 0.07819999999999999
2 WM35 Zero 49.0 0.0 0.0 0.0 1.0000010000000001 0.327115 0.31689500000000004 0.1798 0.0 0.5062010000000001 0.31746900000000006 0.0002 0.0
2 WM35 BRAF 49.5 0.02808799999999999 0.10183399999999998 0.2507020000000001 0.35393600000000014 0.4176419999999999 0.32041000000000003 0.17699700000000002 0.0 0.5075990000000001 0.3211000000000001 0.16359100000000007 0.0
2 WM35 PI3K 49.0 0.0 0.0 0.0 0.9999999999999999 0.0 0.307173 0.1748 0.0 0.48979999999999996 0.307762 0.001 0.0
2 WM35 p53 49.0 0.0 0.0 0.0 1.000001 0.7615959999999999 0.316524 0.1746 0.0 0.49820100000000006 0.31718700000000005 0.000983 0.0
3 SK-MEL-3 Zero 49.0 0.0 0.0 0.037471000000000004 1.0 0.213724 0.4872 0.183 0.0 0.4868 0.4868 0.0 0.0
3 SK-MEL-3 BRAF 49.0 0.20971500000000007 0.20459600000000003 0.5483900000000003 0.14161700000000005 0.233313 0.546371 0.178798 0.051324 0.5105980000000001 0.5105980000000001 0.25722999999999996 0.0
3 SK-MEL-3 PI3K 49.0 0.0 0.0 0.039909 1.0 0.0 0.4932 0.1798 0.0 0.4932 0.4932 0.0 0.0
3 SK-MEL-3 p53 49.0 0.0 0.0 0.039901000000000006 1.0000000000000002 0.501921 0.5034 0.1834 0.0 0.5032 0.5032 0.0 0.0
4 HT-29 Zero 49.0 0.005736 0.0002 0.0 1.0000009999999997 1.0000009999999997 0.5987189999999997 0.5890009999999998 0.5341989999999998 0.49959999999999993 0.5048629999999998 0.0031380000000000006 0.0
4 HT-29 BRAF 49.0 0.8921309999999995 0.8044379999999997 0.7860259999999996 0.1659280000000001 0.9999969999999995 0.9116709999999997 0.5969969999999998 0.7895779999999998 0.4967989999999998 0.5004709999999997 0.17091900000000013 0.0
4 HT-29 PI3K 49.0 0.005991 0.0002 0.0 0.999997 0.0 0.5875460000000001 0.595798 0.5202720000000001 0.49279899999999993 0.49600599999999995 0.0030330000000000005 0.0
4 HT-29 p53 49.0 0.009416 0.0 0.0 1.0000010000000001 1.0000010000000001 0.594076 0.5834000000000001 0.53563 0.496 0.49960000000000004 0.004832 0.0
5 CL-11 Zero 49.0 0.999999 0.0 0.0 0.999999 0.2588 0.49183699999999997 0.5285990000000002 0.6110649999999999 0.502999 0.502999 0.999999 0.1924
5 CL-11 BRAF 49.0 0.9999999999999997 0.0 0.0 0.9999999999999997 0.2562 0.49821 0.5 0.6169659999999999 0.5061999999999999 0.5061999999999999 0.9999999999999997 0.19600000000000004
5 CL-11 PI3K 49.0 0.9999999999999998 0.0 0.0 0.9999999999999998 0.0 0.495712 0.5008 0.611281 0.5065999999999999 0.5065999999999999 0.9999999999999998 0.194
5 CL-11 p53 49.0 0.9999989999999999 0.0 0.0 0.9999989999999999 0.497092 0.49819899999999995 0.512199 0.616931 0.508199 0.508199 0.9999989999999999 0.19060000000000002
6 UACC-257 Zero 49.0 0.0002 0.0 0.001 0.9999999999999999 0.31105499999999997 0.49760000000000004 0.1892 0.0 0.49760000000000004 0.49760000000000004 0.0 0.0398
6 UACC-257 BRAF 49.0 0.604859 0.5833479999999999 0.7380370000000002 0.14575899999999994 0.32149699999999987 0.5090610000000001 0.18020000000000003 0.013399000000000001 0.502802 0.502802 0.10281299999999997 0.042799
6 UACC-257 PI3K 49.0 0.0 0.0 0.0002 1.0000000000000002 0.0 0.5056 0.1734 0.0 0.5056 0.5056 0.0 0.0414
6 UACC-257 p53 49.0 0.0 0.0 0.000779 0.9999989999999999 0.559761 0.495799 0.18559900000000001 0.0 0.495799 0.495799 0.0 0.0388
7 HCT-116 Zero 49.0 1.0000019999999994 0.3068159999999999 0.5294839999999998 0.6913269999999997 1.0000019999999994 0.5263979999999999 0.6506000000000002 0.6134659999999997 0.5054019999999999 0.5212649999999998 0.9931029999999995 0.12420000000000003
7 HCT-116 BRAF 49.0 0.9999949999999997 0.36334199999999983 0.5932219999999996 0.6337279999999998 0.9999949999999997 0.5272499999999999 0.6619959999999998 0.6356889999999997 0.502597 0.5205049999999998 0.9916379999999997 0.13799800000000004
7 HCT-116 PI3K 49.0 0.9999989999999995 0.2647909999999999 0.49548699999999973 0.7292049999999995 0.0 0.5161169999999998 0.6601990000000001 0.6026789999999997 0.5002 0.5151639999999998 0.9911949999999997 0.12520000000000006
8 SW1463 Zero 49.0 1.0000000000000002 0.022236000000000002 0.012189 0.9862 0.52949 0.4983419999999999 0.47 0.012213999999999997 0.49339999999999995 0.49339999999999995 0.9894000000000001 0.0
7 HCT-116 p53 49.0 0.9999989999999991 0.298911 0.5242419999999993 0.6976669999999994 0.9999989999999991 0.5313489999999994 0.6458019999999995 0.5962589999999997 0.508798 0.5238479999999998 0.9913519999999995 0.1360010000000001
8 SW1463 BRAF 49.0 0.9999990000000001 0.024601999999999995 0.011786 0.9842150000000001 0.529467 0.49659999999999993 0.47520000000000007 0.013694000000000001 0.4891999999999999 0.4891999999999999 0.991627 0.0
8 SW1463 PI3K 49.0 0.9999999999999999 0.008154999999999999 0.004399999999999999 0.9946889999999998 0.0 0.4961999999999999 0.47440000000000004 0.006318000000000001 0.49199999999999994 0.49199999999999994 0.9898609999999998 0.0
8 SW1463 p53 49.0 0.9999979999999999 0.023732 0.013661000000000001 0.984499 0.546037 0.5146000000000001 0.468199 0.013397999999999998 0.5058 0.5058 0.989317 0.0
9 SW837 Zero 49.0 1.0000069999999999 0.6973639999999997 0.6020940000000001 0.2954289999999998 0.9153039999999998 0.6852690000000004 0.41280399999999984 0.6631619999999997 0.503803 0.5070029999999999 0.5145149999999997 0.21040100000000006
9 SW837 BRAF 49.0 1.0000009999999997 0.7891779999999999 0.6965389999999999 0.20784800000000017 0.9435229999999997 0.7288679999999997 0.3981999999999998 0.6931439999999998 0.5025999999999999 0.5065109999999999 0.5103589999999995 0.20040000000000002
9 SW837 PI3K 49.0 1.0000039999999994 0.63994 0.523887 0.39182099999999964 0.0 0.6233529999999996 0.39800199999999974 0.6430049999999999 0.512403 0.517933 0.49931499999999973 0.20060099999999997
10 COLO-800 Zero 49.0 0.0 0.0 0.0 0.9999999999999998 0.8142649999999998 0.49091 0.2826000000000001 0.0 0.5115999999999999 0.492369 0.0 0.0456
9 SW837 p53 49.0 1.000000999999999 0.7071179999999995 0.6141709999999996 0.2900799999999998 0.910778999999999 0.6820639999999993 0.4002029999999997 0.6708939999999997 0.5062009999999999 0.5107959999999997 0.5135389999999997 0.1965990000000002
10 COLO-800 BRAF 49.0 0.15066400000000005 0.140998 0.5634299999999998 0.20382500000000014 0.8045869999999997 0.49018000000000006 0.280002 0.018342 0.5034049999999998 0.4839779999999999 0.055664999999999985 0.04440099999999999
10 COLO-800 PI3K 49.0 0.0 0.0 0.0 1.0 0.0 0.47900400000000004 0.28739999999999993 0.0 0.49920000000000003 0.48043 0.0 0.039
10 COLO-800 p53 49.0 0.0 0.0 0.0 0.9999999999999997 0.795074 0.486273 0.2871999999999999 0.0 0.5039999999999999 0.487489 0.0 0.043399999999999994
11 IPC-298 Zero 49.0 0.9999999999999999 0.0 0.0 0.9999999999999999 0.552066 0.5021999999999999 0.0756 0.0 0.5021999999999999 0.5021999999999999 0.9999999999999999 0.118
11 IPC-298 BRAF 49.0 1.0 0.0 0.0 1.0 0.5479060000000001 0.4984000000000001 0.0762 0.0 0.4984000000000001 0.4984000000000001 1.0 0.117
11 IPC-298 PI3K 49.0 1.0 0.0 0.0 1.0 0.0 0.5144 0.0816 0.0 0.5142 0.5142 1.0 0.1176
11 IPC-298 p53 49.0 1.0000000000000002 0.0 0.0 1.0000000000000002 0.809624 0.49799999999999994 0.07519999999999999 0.0 0.49779999999999996 0.49779999999999996 1.0000000000000002 0.1182
12 HT55 Zero 49.0 0.208097 0.19269399999999995 0.0 0.9999999999999992 0.453898 0.5095599999999997 0.3646009999999999 0.23574100000000006 0.4928010000000001 0.4928010000000001 0.418739 0.25319899999999995
12 HT55 BRAF 49.0 0.5495989999999995 0.5282529999999996 0.08868600000000001 0.8145999999999997 0.539221 0.5849429999999995 0.36339899999999986 0.3314839999999998 0.4979989999999997 0.4979989999999997 0.8446029999999998 0.24980000000000008
12 HT55 PI3K 49.0 0.20018400000000006 0.185648 0.0 0.9999989999999996 0.0 0.5244909999999998 0.37199999999999994 0.24467300000000006 0.507002 0.507002 0.40803999999999996 0.25199999999999984
12 HT55 p53 49.0 0.20568000000000006 0.18920000000000003 0.0 1.0000019999999996 0.6374199999999999 0.509481 0.3716010000000001 0.23387300000000008 0.49499999999999983 0.49499999999999983 0.4106050000000001 0.24100100000000008
13 SW1116 Zero 49.0 1.0000039999999992 0.4889479999999999 0.43541999999999986 0.5301799999999992 0.5106879999999991 0.7166009999999992 0.6940019999999993 0.7331899999999998 0.4919999999999998 0.49835399999999974 0.7606080000000002 0.20320200000000013
13 SW1116 BRAF 49.0 1.0000069999999996 0.5905259999999998 0.5371050000000002 0.42695299999999964 0.5199389999999997 0.7709379999999995 0.6946060000000001 0.7665550000000003 0.511002 0.5169559999999996 0.7617459999999996 0.2078010000000001
13 SW1116 PI3K 49.0 0.9999989999999994 0.3992779999999998 0.34804299999999977 0.6172319999999997 0.0 0.6857659999999995 0.686002 0.703695 0.49220299999999995 0.4976239999999998 0.7622689999999998 0.19980099999999998
14 HT-115 Zero 49.0 0.22921800000000012 0.2140950000000001 0.18407300000000007 0.7379119999999992 0.9999969999999987 0.5484759999999999 0.6135969999999993 0.5690909999999998 0.5032000000000001 0.5046 0.8664769999999992 0.054799
13 SW1116 p53 49.0 0.9999989999999993 0.4997869999999997 0.4540539999999999 0.5087529999999998 0.9093089999999995 0.7365479999999993 0.6980019999999998 0.7263989999999996 0.5128009999999997 0.5194939999999995 0.7719959999999995 0.1994010000000001
14 HT-115 BRAF 49.0 0.20563300000000007 0.19411700000000004 0.1676060000000001 0.750863 1.0000009999999995 0.5374049999999998 0.5992009999999998 0.5501419999999998 0.4983999999999998 0.5000009999999998 0.8743779999999999 0.051401
14 HT-115 PI3K 49.0 0.22120300000000004 0.20561999999999997 0.17618999999999999 0.739672 0.0 0.5319689999999999 0.6013980000000001 0.5564440000000002 0.4925999999999999 0.4938009999999998 0.851198 0.060599
15 WT Zero 49.0 0.38319399999999976 0.37778699999999993 0.44783399999999984 0.4755169999999997 0.3599310000000001 0.5403959999999999 0.49139099999999963 0.138917 0.49599799999999983 0.49599799999999983 0.3882299999999998 0.49779499999999993
14 HT-115 p53 49.0 0.21869700000000003 0.20598000000000002 0.18092400000000006 0.7388029999999995 0.9999999999999989 0.5646569999999994 0.6140009999999999 0.5540689999999996 0.5193989999999995 0.5208829999999994 0.8592989999999994 0.0582
15 WT BRAF 49.0 0.4219350000000001 0.4266480000000001 0.49525600000000003 0.4275809999999998 0.3788360000000002 0.566124 0.5008020000000001 0.158676 0.5121979999999999 0.5121979999999999 0.42500599999999994 0.491797
16 WM1552C Zero 49.0 0.1558950000000001 0.14371500000000004 0.0006000000000000001 0.9990030000000002 0.8208539999999996 0.48383999999999994 0.2798 0.606505 0.494401 0.494401 0.09299299999999999 0.21480000000000007
16 WM1552C BRAF 49.0 0.8882060000000004 0.8782540000000003 0.6454519999999999 0.261648 0.9825510000000001 0.6827340000000002 0.2776009999999998 0.7020089999999999 0.5031999999999998 0.5031999999999998 0.3283819999999997 0.21100100000000002
15 WT PI3K 49.0 0.355094 0.3528410000000001 0.42480200000000007 0.5038290000000003 0.0 0.5347740000000001 0.5019950000000002 0.13294300000000006 0.49940000000000007 0.49940000000000007 0.35645200000000016 0.5021970000000002
16 WM1552C PI3K 49.0 0.14320600000000006 0.13428300000000004 0.000895 0.9986000000000002 0.0 0.488502 0.27940099999999995 0.6006979999999998 0.5004000000000001 0.5004000000000001 0.08189199999999999 0.21760100000000004
16 WM1552C p53 49.0 0.151223 0.14102099999999998 0.0013270000000000003 0.9987249999999993 0.8257139999999995 0.48879199999999995 0.28180000000000005 0.6192309999999994 0.5017999999999999 0.5017999999999999 0.09234200000000004 0.21280100000000007
17 SK-MEL-28 Zero 49.0 0.0 0.0 0.0 1.0 0.8061240000000001 0.5056 0.3306 0.0 0.5056 0.5056 0.0 0.046
15 WT p53 49.0 0.4246789999999998 0.4263389999999999 0.5008239999999998 0.43239599999999995 0.7316979999999997 0.5451869999999998 0.501794 0.15079299999999998 0.49500200000000005 0.49500200000000005 0.41527699999999995 0.4951999999999999
17 SK-MEL-28 BRAF 49.0 0.18936400000000003 0.14400100000000002 0.363375 0.2849589999999999 0.8119350000000003 0.503848 0.32640199999999986 0.013364 0.49839999999999995 0.49839999999999995 0.14195000000000002 0.04380199999999999
17 SK-MEL-28 PI3K 49.0 0.0 0.0 0.0 1.0 0.0 0.49479999999999996 0.3394 0.0 0.49479999999999996 0.49479999999999996 0.0 0.0442
17 SK-MEL-28 p53 49.0 0.0 0.0 0.0 1.0 0.801677 0.5052 0.3444 0.0 0.5052 0.5052 0.0 0.0462
18 COLO-205 Zero 49.0 0.0 0.0 0.339786 1.000002 0.16104300000000005 0.47409399999999985 0.5952000000000001 0.046265999999999995 0.48520199999999974 0.48520199999999974 0.0 0.2222010000000001
18 COLO-205 BRAF 49.0 0.7749970000000006 0.8497270000000003 0.9108130000000003 0.029571000000000004 0.2784419999999998 0.7251240000000002 0.6095970000000004 0.6148609999999999 0.4973969999999998 0.4973969999999998 0.10421300000000001 0.21519900000000014
18 COLO-205 PI3K 49.0 0.0 0.0 0.34948100000000015 1.0000010000000001 0.0 0.48618100000000003 0.6090010000000002 0.053876 0.49420000000000003 0.49420000000000003 0.0 0.21279999999999996
18 COLO-205 p53 49.0 0.00013 0.000104 0.3542850000000001 0.9999999999999994 0.5125089999999998 0.4962 0.6119999999999999 0.04678199999999999 0.5047999999999999 0.5047999999999999 0.000144 0.22420000000000007
19 RCM-1 Zero 49.0 0.9999969999999989 0.08807400000000006 0.09041000000000006 0.8811489999999994 0.3336629999999998 0.5085019999999996 0.6041989999999995 0.3243659999999997 0.4913959999999998 0.4913959999999998 0.9102409999999995 0.0934000000000001
19 RCM-1 BRAF 49.0 1.000000999999999 0.18781099999999992 0.185941 0.7679439999999997 0.37354599999999977 0.5562629999999995 0.6039999999999996 0.3977489999999996 0.49880099999999983 0.49880099999999983 0.9096169999999992 0.09740000000000003
19 RCM-1 PI3K 49.0 0.9999979999999997 0.024165999999999986 0.023805999999999987 0.9664609999999999 0.0 0.4958659999999999 0.5969989999999997 0.27888500000000005 0.49499799999999994 0.49499799999999994 0.9147090000000001 0.09720000000000004
20 COLO-679 Zero 49.0 0.0 0.0 0.006770999999999999 0.9999989999999996 0.43398500000000007 0.46139100000000005 0.37839999999999996 0.0 0.48939900000000003 0.48596900000000004 0.0 0.0
19 RCM-1 p53 49.0 0.9999979999999996 0.10884499999999998 0.11027499999999998 0.8599869999999997 0.5454519999999998 0.5158349999999997 0.6047999999999999 0.35151899999999975 0.4961989999999999 0.4961989999999999 0.9122879999999997 0.09939900000000004
20 COLO-679 BRAF 49.0 0.07481300000000002 0.084351 0.7154480000000003 0.28624499999999986 0.44405100000000003 0.47465 0.357 0.017250999999999996 0.501403 0.498568 0.07488000000000004 0.0
20 COLO-679 PI3K 49.0 0.0 0.0 0.008553 1.0 0.0 0.476176 0.3694 0.0 0.5084 0.5062 0.0 0.0
20 COLO-679 p53 49.0 0.0 0.0 0.009058 0.9999999999999999 0.7962889999999998 0.474354 0.37399999999999994 0.0 0.5097999999999999 0.5065339999999998 0.0 0.0
21 SK-MEL-31 Zero 49.0 0.0 0.0 0.0 0.9999989999999997 0.7289159999999998 0.473651 0.46480000000000005 0.0 0.491999 0.473771 0.0 0.303999
21 SK-MEL-31 BRAF 49.0 0.31561699999999965 0.25241199999999997 0.4824639999999999 0.3391949999999997 0.7502639999999995 0.514713 0.45859899999999987 0.027709999999999995 0.5206029999999994 0.5013149999999997 0.17358300000000015 0.30900199999999983
21 SK-MEL-31 PI3K 49.0 0.0 0.0 0.0 1.000001 0.0 0.486606 0.46380000000000005 0.0 0.5058010000000001 0.486645 0.0 0.3038
22 M14 Zero 49.0 0.0 0.0 0.0 0.9999990000000002 0.866442 0.232456 0.07359900000000001 0.0 0.49799899999999997 0.233163 0.0 0.03679999999999999
21 SK-MEL-31 p53 49.0 0.0 0.0 0.0 0.9999999999999997 0.7938089999999998 0.48335700000000004 0.4714000000000001 0.0 0.5018 0.48363000000000006 0.0 0.2950000000000001
22 M14 BRAF 49.5 0.16435200000000003 0.14456800000000003 0.18415200000000004 0.8076309999999993 0.9807199999999994 0.22294500000000006 0.07640299999999997 0.0 0.4934069999999999 0.22373700000000005 0.17008000000000004 0.041400999999999986
22 M14 PI3K 49.0 0.0 0.0 0.0 1.0 0.0 0.230987 0.07680000000000001 0.0 0.5022000000000001 0.23149400000000003 0.0 0.0438
22 M14 p53 49.0 0.0 0.0 0.0 1.000001 0.867511 0.23524699999999998 0.07460000000000001 0.0 0.5134009999999999 0.23577099999999998 0.0 0.0414
23 LB2518-MEL Zero 49.0 0.9999999999999999 0.0046429999999999996 0.0 0.9999999999999999 0.48310299999999995 0.5567449999999999 0.20280000000000004 0.0 0.502799 0.502799 0.9999999999999999 0.039200000000000006
23 LB2518-MEL BRAF 49.0 0.9999999999999997 0.006153 0.0 0.9999999999999997 0.48937100000000006 0.5568489999999997 0.20220000000000005 0.0 0.5024 0.5024 0.9999999999999997 0.0434
23 LB2518-MEL PI3K 49.0 0.9999999999999999 0.006215 0.0 0.9999999999999999 0.0 0.551272 0.20279999999999998 0.0 0.4974 0.4974 0.9999999999999999 0.041999999999999996
23 LB2518-MEL p53 49.0 0.9999989999999999 0.004643999999999999 0.0 0.9999989999999999 0.92006 0.564182 0.19900000000000004 0.0 0.5119999999999999 0.5119999999999999 0.9999989999999999 0.0402
24 CL-34 Zero 49.0 0.0 0.0 0.0 1.0 0.296528 0.5085999999999999 0.6452 0.385584 0.5085999999999999 0.5085999999999999 0.0 0.0
24 CL-34 BRAF 49.0 0.5247650000000003 0.6133509999999996 0.5451950000000001 0.28477800000000003 0.38462400000000013 0.7011309999999998 0.6448019999999998 0.7608149999999999 0.5080020000000003 0.5080020000000003 0.2978740000000002 0.0
24 CL-34 PI3K 49.0 0.0 0.0 0.0 0.9999999999999999 0.0 0.5115999999999999 0.6368 0.399607 0.5115999999999999 0.5115999999999999 0.0 0.0
24 CL-34 p53 49.0 0.0 0.0 0.0 1.0000000000000002 0.483928 0.4864 0.638 0.390667 0.4864 0.4864 0.0 0.0
25 WM-115 Zero 49.0 0.0 0.0 0.0 0.9999989999999999 0.4404139999999999 0.26801 0.23660000000000003 0.0 0.49199899999999996 0.268552 0.004018000000000001 0.21279999999999996
25 WM-115 BRAF 49.0 0.23399 0.21303299999999994 0.24103200000000002 0.5800309999999995 0.44806599999999946 0.2908150000000001 0.254599 0.006053 0.5061999999999994 0.2862060000000001 0.4494819999999997 0.19240100000000013
25 WM-115 PI3K 49.0 0.0 0.0 0.0 1.0000010000000001 0.0 0.269831 0.24900000000000003 0.0 0.5028009999999999 0.270389 0.0028000000000000004 0.21000100000000002
26 SNU-C5 Zero 49.0 0.154861 0.14545700000000003 0.08754 0.903867 0.9999949999999999 0.6464909999999997 0.721996 0.6029069999999997 0.499598 0.5878149999999998 0.15597300000000003 0.18420000000000003
25 WM-115 p53 49.0 0.0 0.0 0.0 1.0 0.7234590000000001 0.27176999999999996 0.23560000000000006 0.0 0.4993999999999999 0.2722359999999999 0.0026000000000000003 0.20660000000000006
26 SNU-C5 BRAF 49.0 0.5795149999999998 0.5709319999999997 0.42298800000000014 0.467754 0.9999960000000003 0.7265449999999997 0.7185999999999996 0.7495359999999998 0.49499800000000005 0.5799839999999996 0.49641599999999975 0.18820000000000006
26 SNU-C5 PI3K 49.0 0.15488699999999997 0.145307 0.08224999999999999 0.9057400000000003 0.0 0.650337 0.7318 0.6147530000000002 0.490798 0.5880090000000001 0.155735 0.18140000000000003
27 RVH-421 Zero 49.0 0.0 0.0 0.0 0.9999979999999998 0.3700190000000001 0.6117339999999999 0.19099900000000003 0.0 0.5032 0.5120459999999999 8e-06 0.0748
26 SNU-C5 p53 49.0 0.1573610000000001 0.14832500000000004 0.08448400000000003 0.906018 1.0000009999999997 0.6544979999999998 0.7114019999999999 0.6059939999999999 0.505801 0.5978949999999996 0.15853000000000012 0.1852000000000001
27 RVH-421 BRAF 49.5 0.42427499999999974 0.5099799999999994 0.3970909999999998 0.5169509999999997 0.41539999999999994 0.6079499999999992 0.18500000000000016 0.0 0.499597 0.5097969999999997 0.17011000000000023 0.08279800000000002
27 RVH-421 PI3K 49.0 0.0 0.0 0.0 1.000001 0.0 0.612673 0.188801 0.0 0.5042 0.516093 0.0 0.07940000000000001
27 RVH-421 p53 49.0 0.0 0.0 0.0 0.9999999999999998 0.8750419999999999 0.610252 0.18739999999999998 0.0 0.4988 0.5084979999999999 0.0 0.08080000000000001
28 451Lu Zero 49.0 0.0 0.0 0.0 1.0 0.478229 0.48123 0.16240000000000002 0.0 0.49820000000000003 0.48234899999999997 0.0 0.04
28 451Lu BRAF 49.5 0.059084 0.30331699999999995 0.4458309999999998 0.146508 0.6056219999999992 0.49315099999999973 0.15900100000000003 0.023952999999999995 0.49799699999999975 0.4820439999999998 0.030253 0.039599
28 451Lu PI3K 49.0 0.0 0.0 0.0 1.0 0.0 0.4898 0.1554 0.0 0.509 0.490863 0.0 0.0422
28 451Lu p53 49.0 0.0 0.0 0.0 0.9999990000000001 0.47886500000000004 0.48043900000000006 0.15860000000000002 0.0 0.49739900000000004 0.48157400000000006 0.0 0.038200000000000005
29 COLO-829 Zero 49.0 0.0 0.0 0.0 1.0000000000000002 0.526606 0.4977999999999999 0.49039999999999995 0.0 0.496 0.4962 0.0 0.033
29 COLO-829 BRAF 49.0 0.44114699999999996 0.4765219999999999 0.579261 0.18501499999999996 0.555301 0.5399750000000001 0.48679699999999987 0.060628 0.5097970000000001 0.510197 0.033375 0.042199
29 COLO-829 PI3K 49.0 0.0 0.0 0.0 0.9999999999999998 0.0 0.5035999999999999 0.4806 0.0 0.503 0.503 0.0 0.0354
29 COLO-829 p53 49.0 0.0 0.0 0.0 0.9999999999999998 0.7370779999999999 0.5007999999999999 0.4888 0.0 0.5002 0.5004 0.0 0.037399999999999996
30 A101D Zero 49.0 0.0 0.0 0.0 0.999999 0.5321340000000001 0.503138 0.4582 0.0 0.5163989999999999 0.5163989999999999 0.0 0.06559999999999999
30 A101D BRAF 49.0 0.307061 0.32239 0.48423899999999975 0.47288299999999983 0.5395419999999996 0.501758 0.4696009999999998 0.10856200000000003 0.5012059999999998 0.5012059999999998 0.24272800000000005 0.06740300000000003
30 A101D PI3K 49.0 0.0 0.0 0.0 0.9999999999999999 0.0 0.47900000000000004 0.4648 0.0 0.49379999999999996 0.49379999999999996 0.0 0.0682
31 A375 Zero 49.0 0.0 0.0 0.0 0.9999999999999998 0.24423200000000006 0.488126 0.25099999999999995 0.0 0.5022 0.5022 0.144333 0.09
30 A101D p53 49.0 0.0 0.0 0.0 1.0 0.8166929999999999 0.48648500000000006 0.4662 0.0 0.5007999999999999 0.5007999999999999 0.0 0.060200000000000004
31 A375 BRAF 49.0 0.08858 0.073593 0.10365100000000009 0.6363719999999995 0.256484 0.4924279999999999 0.2458010000000001 0.020907 0.502199 0.502199 0.44854599999999983 0.07220000000000007
31 A375 PI3K 49.0 0.0 0.0 0.0 1.0 0.0 0.47636000000000006 0.2516 0.0 0.49099999999999994 0.49099999999999994 0.151806 0.07440000000000001
31 A375 p53 49.0 0.0 0.0 0.0 0.999999 0.49251399999999995 0.486413 0.248 0.0 0.49959999999999993 0.49959999999999993 0.156461 0.07980000000000002
32 NCI-H508 Zero 49.0 0.12739100000000003 0.12720300000000007 0.15023600000000012 0.8627299999999996 0.9999989999999996 0.5628359999999998 0.5828000000000001 0.5277339999999999 0.5021999999999999 0.5021999999999999 0.043906 0.0
32 NCI-H508 BRAF 49.0 0.8346359999999998 0.8671679999999999 0.8763049999999998 0.013993000000000004 0.9999999999999994 0.8765279999999996 0.5970019999999998 0.7469939999999996 0.5002 0.5002 0.18554500000000002 0.0
32 NCI-H508 PI3K 49.0 0.12515 0.12416600000000001 0.15016 0.8640980000000001 0.0 0.5666580000000001 0.5931980000000001 0.524166 0.5037969999999999 0.5037969999999999 0.04780899999999999 0.0
32 NCI-H508 p53 49.0 0.13427100000000003 0.13374800000000003 0.16013800000000003 0.8530169999999997 1.0000029999999998 0.5716669999999999 0.6004019999999999 0.5080999999999999 0.5042009999999999 0.5042009999999999 0.049041 0.0
33 CL-40 Zero 49.0 1.0000019999999998 0.06364399999999999 0.06449399999999998 0.931855 0.52004 0.5222199999999999 0.8001999999999999 0.35869899999999993 0.490801 0.490801 0.904809 0.09520000000000003
33 CL-40 BRAF 49.0 1.0000000000000004 0.09211699999999999 0.093318 0.9004840000000001 0.5634020000000002 0.5642530000000001 0.7901980000000001 0.4076109999999999 0.513799 0.513799 0.9121980000000002 0.0862
33 CL-40 PI3K 49.0 0.9999999999999999 0.017753000000000005 0.017629000000000006 0.982102 0.0 0.5093089999999998 0.7899999999999999 0.33199900000000004 0.4976 0.4976 0.911905 0.09040000000000002
33 CL-40 p53 49.0 1.0000009999999995 0.060148999999999994 0.061366 0.9361579999999998 0.5302199999999996 0.5315319999999994 0.8018009999999999 0.35233999999999993 0.5012009999999999 0.5014009999999999 0.9122699999999996 0.08620000000000003
34 SNU-C1 Zero 49.0 0.009188 0.0073479999999999995 0.0020000000000000005 0.9999989999999997 0.30705299999999985 0.5654389999999998 0.5881989999999999 0.5961569999999999 0.5057989999999999 0.5057989999999999 0.009277 0.0
34 SNU-C1 BRAF 49.0 0.008263999999999999 0.006672999999999999 0.0019170000000000005 1.0000009999999997 0.30478399999999994 0.5618889999999997 0.5921999999999997 0.601875 0.5020009999999998 0.5020009999999998 0.008369 0.0
34 SNU-C1 PI3K 49.0 0.00803 0.006881999999999999 0.0014000000000000002 0.9999999999999998 0.0 0.565013 0.580199 0.6010059999999999 0.5006 0.5006 0.008349 0.0
34 SNU-C1 p53 49.0 0.009521000000000002 0.006499 0.0022270000000000002 1.000001 0.5812779999999999 0.562062 0.5843999999999997 0.6147269999999998 0.5064 0.5064 0.00974 0.0
35 GAK Zero 49.0 1.0000029999999998 0.09203500000000003 0.09052600000000001 0.8724799999999999 0.30167199999999994 0.5268900000000001 0.18420200000000003 0.0048 0.499801 0.5236000000000001 0.9132759999999999 0.0
35 GAK BRAF 49.0 0.9999969999999998 0.10586000000000002 0.10224800000000002 0.8522839999999998 0.29458100000000004 0.535844 0.179599 0.007536 0.5099990000000001 0.529984 0.9096209999999998 0.0
35 GAK PI3K 49.0 1.0000009999999997 0.06874000000000004 0.06602500000000006 0.9035830000000001 0.0 0.5288969999999998 0.17379900000000004 0.00302 0.5 0.5252999999999999 0.9137839999999996 0.0
35 GAK p53 49.0 1.000001 0.10482700000000002 0.10102000000000003 0.863505 0.5744269999999998 0.535125 0.18620000000000003 0.006064000000000001 0.5072019999999999 0.5308839999999999 0.915472 0.0
36 SW948 Zero 49.0 0.999999 0.134475 0.0013410000000000002 0.999599 0.999999 0.49663099999999993 0.5437989999999999 0.5922589999999999 0.49579899999999993 0.49579899999999993 0.999999 0.0
36 SW948 BRAF 49.0 0.9999979999999997 0.14593200000000003 0.0014000000000000002 0.9995979999999998 0.9999979999999997 0.49519799999999997 0.5471989999999999 0.5954689999999998 0.494998 0.494998 0.9997979999999997 0.0
36 SW948 PI3K 49.0 0.9999999999999999 0.115714 0.0 0.9999999999999999 0.0 0.503 0.5459999999999999 0.592088 0.5028 0.5028 0.9999999999999999 0.0
36 SW948 p53 49.0 1.000002 0.124001 0.000778 1.000002 1.000002 0.49680100000000005 0.5514009999999999 0.582901 0.49620100000000006 0.49620100000000006 1.000002 0.0
37 HT-144 Zero 49.0 0.0 0.0 0.0 0.9999999999999999 0.491316 0.475804 0.32280000000000003 0.0 0.4962 0.477118 0.32063699999999995 0.1262
37 HT-144 BRAF 49.0 0.029355 0.03223700000000001 0.12731000000000006 0.802486 0.5003769999999998 0.4903329999999999 0.32580299999999973 0.004538 0.5067980000000001 0.4893989999999999 0.623011 0.12560100000000005
37 HT-144 PI3K 49.0 0.0 0.0 0.0 0.9999980000000002 0.0 0.49108599999999997 0.32339899999999994 0.0 0.5091979999999999 0.49235599999999996 0.31723799999999996 0.1342
37 HT-144 p53 49.0 0.0 0.0 0.0 0.9999999999999998 0.83213 0.48385900000000004 0.3282 0.0 0.5021999999999998 0.48493099999999995 0.32270899999999997 0.12560000000000004
38 CHL-1 Zero 49.5 0.7749010000000001 0.25489900000000004 0.1379729999999999 0.800067 0.9918580000000001 0.4974010000000001 0.153001 0.0 0.4972010000000001 0.4972010000000001 0.7256230000000001 0.042800000000000005
38 CHL-1 BRAF 49.5 0.7750799999999999 0.24322499999999994 0.132662 0.8083579999999998 0.9914799999999998 0.490202 0.14160200000000003 0.0 0.49000200000000005 0.49000200000000005 0.7292019999999999 0.042400999999999994
38 CHL-1 PI3K 49.5 0.6698400000000001 0.18578800000000004 0.071535 0.8708480000000001 0.0 0.49839900000000004 0.15319800000000003 0.0 0.49819900000000006 0.49819900000000006 0.6261269999999999 0.03740099999999999
39 NCI-H747 Zero 49.0 0.9999999999999998 0.06546600000000001 0.10230900000000005 0.9267879999999998 0.7326169999999999 0.5049469999999999 0.6029999999999995 0.6352929999999999 0.49159899999999995 0.5038319999999998 0.9999999999999998 0.05820000000000001
38 CHL-1 p53 49.5 0.7728369999999999 0.24077600000000007 0.12459799999999999 0.8113779999999998 0.9894829999999999 0.5084009999999998 0.15739900000000004 0.0 0.5084009999999998 0.5084009999999998 0.7312009999999999 0.0372
39 NCI-H747 BRAF 49.0 0.9999999999999996 0.06518100000000003 0.102211 0.9201959999999997 0.7340669999999998 0.5122399999999998 0.6068009999999997 0.6232189999999997 0.499201 0.5109799999999999 0.9999999999999996 0.057
39 NCI-H747 PI3K 49.0 0.9999999999999998 0.06756400000000001 0.10276800000000005 0.9231349999999999 0.0 0.5254399999999999 0.6241989999999997 0.6422709999999999 0.5129989999999999 0.5247489999999999 0.9999999999999998 0.05879999999999999
39 NCI-H747 p53 49.0 0.9999979999999997 0.058938000000000004 0.09275500000000005 0.9299689999999999 0.7158019999999997 0.5099989999999998 0.6159989999999999 0.6432460000000001 0.49819900000000006 0.5090119999999998 0.9999979999999997 0.056999999999999995
40 SK-MEL-24 Zero 49.0 0.0 0.0 0.0 0.9999999999999999 0.700886 0.5071 0.393 0.0 0.49759999999999993 0.49711099999999997 0.0 0.3618
40 SK-MEL-24 BRAF 49.0 0.583933 0.605575 0.7034499999999998 0.11298600000000004 0.7308030000000001 0.5289139999999999 0.38460100000000014 0.04092399999999999 0.5038020000000001 0.5032020000000001 0.017020999999999994 0.34100400000000003
40 SK-MEL-24 PI3K 49.0 0.0 0.0 0.0 0.9999999999999999 0.0 0.515616 0.39940000000000003 0.0 0.5052 0.5044 0.0 0.3478
40 SK-MEL-24 p53 49.0 0.0 0.0 0.0 1.0000000000000002 0.7990730000000003 0.49483900000000003 0.39999999999999997 0.0 0.4864 0.48584700000000003 0.0 0.3430000000000001
41 SW626 Zero 49.0 0.9999999999999999 0.0 0.0 0.9999999999999999 0.361381 0.49789900000000004 0.5915990000000001 0.6140250000000002 0.499599 0.506799 0.9999999999999999 0.3134010000000001
41 SW626 BRAF 49.0 1.000001 0.0 0.0 1.000001 0.36280300000000004 0.5043569999999999 0.5944009999999998 0.609228 0.506401 0.5117029999999999 1.000001 0.323001
41 SW626 PI3K 49.0 1.0 0.0004 0.0 1.0 0.0 0.484493 0.5862 0.6272819999999999 0.4882 0.49479999999999996 1.0 0.3154
42 LS-123 Zero 49.0 0.9999999999999999 0.0012000000000000001 0.001607 0.9967959999999999 0.49799999999999994 0.49739999999999995 0.4584 0.6014379999999998 0.49739999999999995 0.49739999999999995 0.9999999999999999 0.10200000000000001
41 SW626 p53 49.0 1.0000029999999993 0.000201 0.000112 0.9999159999999995 0.6218689999999998 0.489108 0.5934019999999999 0.6139019999999997 0.494401 0.5000319999999999 1.0000029999999993 0.308201
42 LS-123 BRAF 49.0 1.0000009999999997 0.002468 0.003442 0.995373 0.5068009999999998 0.5062009999999999 0.4523999999999999 0.6003099999999998 0.5062009999999999 0.5062009999999999 1.0000009999999997 0.106601
42 LS-123 PI3K 49.0 0.9999989999999996 0.0017639999999999997 0.0023610000000000003 0.995604 0.0 0.5051989999999997 0.4589999999999999 0.6036649999999999 0.5051989999999997 0.5051989999999997 0.9999989999999996 0.1032
42 LS-123 p53 49.0 0.9999999999999997 0.0019800000000000004 0.0034120000000000005 0.9959999999999997 0.4953469999999999 0.494 0.4492 0.6034199999999997 0.494 0.494 0.9999999999999997 0.1062
43 SH-4 Zero 49.0 0.0042 0.0038640000000000007 0.061001 0.9999989999999996 0.22115100000000004 0.4999989999999999 0.18900000000000003 0.0 0.4999989999999999 0.4999989999999999 0.004999999999999999 0.08579900000000001
43 SH-4 BRAF 49.0 0.17785800000000007 0.1821740000000001 0.26832800000000007 0.6678969999999997 0.2286320000000001 0.501322 0.2004030000000001 0.022446 0.4974009999999999 0.4974009999999999 0.15435500000000005 0.0908
43 SH-4 PI3K 49.0 0.00402 0.0037120000000000005 0.07047700000000001 0.999999 0.0 0.4969999999999999 0.19840000000000002 0.0 0.4969999999999999 0.4969999999999999 0.0041990000000000005 0.07100000000000001
43 SH-4 p53 49.0 0.004921999999999998 0.004760999999999999 0.06862200000000002 0.9999999999999998 0.5109999999999998 0.5085999999999999 0.19060000000000002 0.0 0.5085999999999999 0.5085999999999999 0.005158999999999999 0.08800000000000001
44 SNU-1040 Zero 49.5 0.8232429999999997 0.764763 0.8588879999999995 0.4179019999999999 1.0000019999999998 0.5998169999999998 0.49699799999999994 0.15370400000000004 0.49560100000000007 0.5644059999999999 0.8916249999999999 0.05420099999999999
44 SNU-1040 BRAF 49.5 0.8297899999999995 0.7718359999999994 0.849411 0.42211000000000015 0.9999999999999997 0.6031129999999996 0.493802 0.14234999999999998 0.5066009999999997 0.5726599999999998 0.8970919999999994 0.06099799999999998
45 SK-MEL-1 Zero 49.0 0.004199999999999999 0.0 0.017725 1.0 0.27913299999999996 0.502 0.30739999999999995 0.0 0.502 0.502 0.004199999999999999 0.274
44 SNU-1040 PI3K 49.5 0.7989939999999999 0.7383989999999996 0.845647 0.4384609999999999 0.0 0.6042589999999995 0.5093989999999997 0.15619300000000017 0.5031999999999999 0.5719729999999997 0.8623889999999999 0.056200999999999994
45 SK-MEL-1 BRAF 49.0 0.292674 0.10553300000000002 0.355981 0.465945 0.3070230000000001 0.5082769999999999 0.30220099999999983 0.020981000000000003 0.49979899999999994 0.49979899999999994 0.252991 0.2628
44 SNU-1040 p53 49.5 0.828081 0.7711059999999998 0.8556859999999997 0.420378 1.0000000000000002 0.6073350000000002 0.49080199999999996 0.136824 0.49880099999999994 0.5749740000000002 0.893544 0.058999000000000024
45 SK-MEL-1 PI3K 49.0 0.0016530000000000004 0.0 0.015944999999999997 0.9999999999999998 0.0 0.49360000000000004 0.30560000000000004 0.0 0.49360000000000004 0.49360000000000004 0.0018000000000000004 0.26760000000000006
45 SK-MEL-1 p53 49.0 0.005200000000000001 0.0 0.016069 0.9999999999999999 0.49420000000000014 0.49420000000000014 0.2886 0.0 0.49420000000000014 0.49420000000000014 0.005205 0.2624000000000001
46 MMAc-SF Zero 49.0 0.0 0.0 0.0 1.0 0.366972 0.5054000000000001 0.15360000000000001 0.0 0.5054000000000001 0.5054000000000001 0.0 0.0
46 MMAc-SF BRAF 49.5 0.77169 0.7727670000000001 0.77813 0.07552600000000001 0.611246 0.5154080000000002 0.15479999999999997 0.035776999999999996 0.49559700000000007 0.49559700000000007 0.04014399999999999 0.0
46 MMAc-SF PI3K 49.0 0.0 0.0 0.0 1.0 0.0 0.4916 0.15360000000000001 0.0 0.4916 0.4916 0.0 0.0
46 MMAc-SF p53 49.0 0.0 0.0 0.0 1.0 0.4854 0.485372 0.1586 0.0 0.48519999999999996 0.48519999999999996 0.0 0.0
47 RKO Zero 49.0 0.013493999999999997 0.013305999999999998 0.0006000000000000001 0.9992 0.9999999999999999 0.49220499999999995 0.0826 0.0 0.5044 0.5045999999999999 0.013312 0.0
47 RKO BRAF 49.0 0.48769300000000004 0.547976 0.40393100000000015 0.198504 0.9999999999999997 0.49842600000000004 0.081799 0.054743999999999994 0.5001990000000001 0.5001990000000001 0.310136 0.0
47 RKO PI3K 49.0 0.018514 0.017997 0.0015999999999999999 0.9976000000000002 0.0 0.48975399999999997 0.08220000000000001 0.0 0.4993999999999999 0.4997399999999999 0.018579 0.0
47 RKO p53 49.0 0.01831 0.017893000000000003 0.0007999999999999999 0.9986000000000002 1.0000000000000002 0.4961379999999999 0.08120000000000001 0.0 0.5054000000000001 0.5058 0.01799 0.0
48 SNU-407 Zero 49.0 1.000001 0.092968 0.028865 0.971627 1.000001 0.484847 0.16100000000000003 0.0014000000000000002 0.493401 0.493401 1.000001 0.27460100000000004
48 SNU-407 BRAF 49.0 0.9999999999999996 0.09960200000000002 0.033135 0.9676259999999995 0.9999999999999996 0.492658 0.16200000000000003 0.002 0.5035999999999998 0.5035999999999998 0.9999999999999996 0.27079999999999993
48 SNU-407 PI3K 49.0 1.0000010000000001 0.10013500000000002 0.029022000000000003 0.9717460000000002 0.0 0.49274699999999994 0.17339999999999997 0.00086 0.503001 0.503001 1.0000010000000001 0.2685999999999999
48 SNU-407 p53 49.0 1.000001 0.09460200000000002 0.030863 0.9699690000000001 1.000001 0.488221 0.16920000000000002 0.0014 0.49579999999999996 0.49579999999999996 1.000001 0.2760009999999999
49 WM793B Zero 49.0 0.0 0.0 0.12855100000000008 0.9999999999999993 0.3177209999999999 0.47524100000000014 0.445599 0.6185289999999997 0.49720100000000006 0.49620100000000017 0.0 0.20280100000000006
49 WM793B BRAF 49.5 0.15285700000000021 0.14318200000000023 0.5457229999999996 0.773204 0.44948299999999974 0.5364939999999996 0.4543989999999997 0.7071549999999999 0.500401 0.4988009999999999 0.05593999999999999 0.20079500000000022
49 WM793B PI3K 49.0 0.0 0.0 0.132857 0.999998 0.0 0.4731350000000001 0.45500000000000007 0.6026619999999999 0.4997980000000001 0.498958 0.0 0.19999899999999998
49 WM793B p53 49.0 0.0 0.0 0.13119400000000006 1.0 0.5007359999999998 0.48483000000000004 0.43560100000000007 0.5948050000000001 0.5112000000000001 0.5100500000000001 0.0 0.20300000000000004
50 LS-180 Zero 49.0 0.9999999999999998 0.0002 0.0 0.9999999999999998 0.9999999999999998 0.4962000000000001 0.7677999999999998 0.5884780000000001 0.5076000000000002 0.5076000000000002 0.9999999999999998 0.0924
50 LS-180 BRAF 49.0 1.0 0.0 0.0 1.0 1.0 0.49662400000000007 0.7566 0.598202 0.5078 0.5078 1.0 0.08800000000000001
50 LS-180 PI3K 49.0 0.9999990000000001 0.0 0.0 0.9999990000000001 0.0 0.48952 0.770999 0.589276 0.5001990000000001 0.500399 0.9999990000000001 0.08919999999999999
50 LS-180 p53 49.0 0.9999999999999999 0.0 0.0 0.9999999999999999 0.9999999999999999 0.48139999999999994 0.7594 0.593978 0.4919999999999999 0.4919999999999999 0.9999999999999999 0.0918
51 LS-411N Zero 49.0 0.013340000000000003 0.012588000000000002 0.009594000000000002 0.9875600000000001 0.2816859999999999 0.4972 0.39799900000000016 0.2636070000000001 0.4944 0.4944 0.014490000000000005 0.04220000000000001
51 LS-411N BRAF 49.0 0.589997 0.6062419999999998 0.555534 0.17956900000000006 0.4296539999999996 0.6708959999999999 0.368201 0.5082909999999998 0.5164059999999997 0.5164059999999997 0.5967089999999998 0.03739899999999997
51 LS-411N PI3K 49.0 0.0104 0.009791999999999999 0.0084 0.9889990000000001 0.0 0.5007989999999999 0.38220000000000004 0.26470699999999997 0.4985989999999999 0.4985989999999999 0.011903000000000002 0.0436
52 LOXIMVI Zero 49.0 0.008098999999999999 0.003908 0.02069999999999999 0.9974999999999994 0.2593999999999999 0.49423799999999973 0.275601 0.6004059999999998 0.5029989999999999 0.5029989999999999 0.011509000000000002 0.516801
51 LS-411N p53 49.0 0.008094000000000002 0.0078000000000000005 0.006287 0.9922269999999999 0.5267999999999999 0.523 0.36439999999999995 0.27506299999999995 0.5208 0.5208 0.009400000000000002 0.03559999999999999
52 LOXIMVI BRAF 49.0 0.7551769999999998 0.6047349999999999 0.724622 0.3672299999999997 0.4136719999999997 0.5594429999999999 0.2739999999999998 0.6954420000000004 0.501 0.501 0.8258059999999998 0.5237979999999993
52 LOXIMVI PI3K 49.0 0.007864999999999999 0.004000000000000001 0.02029899999999999 0.9971989999999994 0.0 0.5002669999999999 0.2735999999999999 0.6125909999999994 0.5109999999999996 0.5109999999999996 0.010605000000000003 0.5141989999999996
53 LoVo Zero 49.0 1.0000009999999997 0.016508 0.0006000000000000001 0.9994009999999997 0.27302400000000004 0.4957999999999998 0.5144 0.5963169999999999 0.4943999999999999 0.4945999999999999 1.0000009999999997 0.12020000000000004
52 LOXIMVI p53 49.0 0.009342000000000005 0.004703 0.01778 0.9969209999999997 0.4847919999999997 0.4840089999999998 0.28340099999999996 0.6027769999999998 0.4963999999999998 0.4963999999999998 0.011406000000000003 0.5228009999999997
53 LoVo BRAF 49.0 0.9999989999999999 0.02075999999999999 0.000893 0.99896 0.275304 0.5057999999999998 0.5255989999999998 0.5925299999999998 0.5047999999999999 0.5047999999999999 0.9999989999999999 0.12580000000000002
53 LoVo PI3K 49.0 0.9999999999999998 0.015433 0.0002 0.9997999999999998 0.0 0.4905999999999998 0.5183999999999997 0.5888309999999998 0.48899999999999993 0.4891999999999999 0.9999999999999998 0.11120000000000003
53 LoVo p53 49.0 0.9999999999999999 0.017719 0.001 0.9988 0.5006919999999999 0.49719899999999984 0.5212010000000001 0.5887570000000001 0.4957989999999999 0.49599899999999986 0.9999999999999999 0.12440000000000004
54 LS-513 Zero 49.0 0.9999979999999997 0.008135 0.008045 0.9919039999999997 0.27561199999999997 0.510953 0.5145979999999998 0.6096069999999999 0.5042 0.5071819999999998 0.9999979999999997 0.24999800000000005
54 LS-513 BRAF 49.0 0.9999999999999997 0.007465 0.00753 0.9923639999999999 0.27942000000000006 0.5111329999999998 0.5297999999999999 0.5959709999999997 0.5044 0.5079999999999999 0.9999999999999997 0.25880000000000003
54 LS-513 PI3K 49.0 1.000001 0.0082 0.008203000000000002 0.991261 0.0 0.5148009999999997 0.5051999999999999 0.5957129999999998 0.5076010000000001 0.5098009999999998 1.000001 0.2610009999999999
54 LS-513 p53 49.0 0.9999989999999999 0.006885 0.006839999999999999 0.9923999999999997 0.5055989999999999 0.5059989999999999 0.5204 0.6028679999999998 0.5002 0.5019649999999999 0.9999989999999999 0.26119999999999993
55 MEL-JUSO Zero 49.0 1.000001 0.0 0.5129839999999999 1.000001 0.29775599999999997 0.46982100000000004 0.2753999999999999 0.0 0.5066010000000001 0.471105 1.000001 0.0638
55 MEL-JUSO BRAF 49.0 0.9999989999999999 0.0 0.510164 0.9999989999999999 0.29965099999999995 0.476755 0.284199 0.0 0.507599 0.47925299999999993 0.9999989999999999 0.05779999999999998
55 MEL-JUSO PI3K 49.0 1.0000010000000001 0.0 0.525609 1.0000010000000001 0.0 0.45183 0.254201 0.0 0.49020099999999994 0.454384 1.0000010000000001 0.06160000000000001
55 MEL-JUSO p53 49.0 1.0 0.0 0.509605 1.0 0.436598 0.46116 0.26799999999999996 0.0 0.4982 0.46282500000000004 1.0 0.065
56 COLO-320-HSR Zero 49.0 0.6681779999999997 0.6238429999999996 0.24263000000000004 0.415925 0.8458449999999996 0.5537569999999998 0.07060100000000004 0.0013999999999999998 0.4996019999999999 0.49791199999999997 0.6748459999999997 0.08659900000000004
56 COLO-320-HSR BRAF 49.0 0.6637449999999998 0.6165669999999999 0.23986400000000002 0.41347599999999995 0.8369119999999999 0.5456110000000002 0.06540000000000003 0.0012590000000000001 0.4960009999999999 0.49291999999999997 0.6672519999999997 0.095399
56 COLO-320-HSR PI3K 49.0 0.6336569999999998 0.5905479999999999 0.2263470000000001 0.44829399999999986 0.0 0.5531089999999999 0.07100100000000002 0.0024010000000000004 0.5026009999999999 0.49800099999999997 0.6365799999999998 0.08980000000000003
56 COLO-320-HSR p53 49.0 0.6779519999999998 0.6315739999999997 0.245375 0.42641099999999993 0.8466439999999995 0.5611539999999998 0.07440000000000004 0.0016 0.5094 0.507012 0.6821859999999997 0.09720000000000005
57 G-MEL Zero 49.0 0.0 0.0 0.0 0.9999990000000001 0.33073800000000003 0.375513 0.1702 0.0 0.5005989999999999 0.437586 0.0 0.0
57 G-MEL BRAF 49.5 0.1369990000000001 0.17165900000000012 0.9201149999999999 0.034565000000000005 0.4024359999999998 0.3791329999999999 0.15579900000000008 0.0 0.49479999999999996 0.4328059999999999 0.014374000000000003 0.0
57 G-MEL PI3K 49.0 0.0 0.0 0.0 0.9999999999999999 0.0 0.390687 0.1632 0.0 0.501 0.444598 0.0 0.0
57 G-MEL p53 49.0 0.0 0.0 0.0 1.000001 0.338716 0.380159 0.15799999999999997 0.0 0.500401 0.44015200000000004 0.0 0.0
58 CW-2 Zero 49.5 0.7582889999999995 0.7083449999999994 0.921426 0.29128799999999977 0.43209499999999973 0.6794089999999994 0.5257949999999993 0.5127659999999995 0.5049969999999995 0.5049969999999995 0.4617069999999997 0.0
58 CW-2 BRAF 49.5 0.7807179999999997 0.7317949999999994 0.9297799999999992 0.272668 0.421579 0.6853279999999994 0.5321980000000001 0.5176269999999998 0.49659800000000004 0.49659800000000004 0.4999540000000002 0.0
59 K2 Zero 49.0 0.0 0.0 0.0 1.0000000000000002 0.548419 0.5062 0.2036 0.0 0.5062 0.5062 0.0 0.0416
58 CW-2 PI3K 49.5 0.7544659999999996 0.7044889999999997 0.9181089999999993 0.29882900000000023 0.0 0.6661849999999994 0.5176000000000001 0.4996370000000002 0.4951990000000003 0.4951990000000003 0.47268500000000013 0.0
59 K2 BRAF 49.5 0.5676429999999997 0.6851949999999996 0.7399679999999996 0.057469 0.6171129999999998 0.5041029999999999 0.1986020000000001 0.033739 0.48200299999999985 0.48200299999999985 0.04471699999999999 0.03659899999999999
59 K2 PI3K 49.0 0.0 0.0 0.0 1.0 0.0 0.4966 0.1984 0.0 0.4966 0.4966 0.0 0.03899999999999999
58 CW-2 p53 49.5 0.7677189999999995 0.7097179999999996 0.9241929999999996 0.28070099999999987 0.6777079999999996 0.6729509999999994 0.523396 0.5107529999999997 0.4990009999999999 0.4990009999999999 0.473834 0.0
59 K2 p53 49.0 0.0 0.0 0.0 0.9999999999999998 0.7292029999999998 0.4928 0.1998 0.0 0.4928 0.4928 0.0 0.0354
60 HCT-15 Zero 49.0 1.000001 0.038633 0.05371 0.955542 1.000001 0.5023999999999998 0.5523999999999999 0.46985699999999986 0.5023999999999998 0.5023999999999998 1.000001 0.15460000000000007
60 HCT-15 BRAF 49.0 1.000001 0.03941999999999999 0.05476899999999999 0.95204 1.000001 0.5064009999999999 0.5259999999999998 0.465382 0.5066009999999999 0.5064009999999999 1.000001 0.15160000000000007
60 HCT-15 PI3K 49.0 1.0 0.04360300000000002 0.053976 0.9481839999999999 0.0 0.5015999999999999 0.5542 0.4759289999999999 0.5015999999999999 0.5015999999999999 1.0 0.1488
60 HCT-15 p53 49.0 0.9999990000000003 0.04124999999999999 0.055847999999999995 0.9535500000000001 0.9999990000000003 0.501999 0.5443989999999999 0.4749419999999998 0.501999 0.501999 0.9999990000000003 0.15440000000000006
61 SW1417 Zero 49.0 9e-05 0.0 0.0004 0.9999999999999997 0.3513609999999998 0.5781309999999998 0.569599 0.6067809999999998 0.49519999999999986 0.5737929999999999 0.04061499999999999 0.19440000000000004
61 SW1417 BRAF 49.0 0.35745099999999946 0.43914899999999973 0.49639599999999984 0.5053850000000001 0.45722900000000005 0.6947730000000002 0.5826000000000002 0.7869650000000004 0.5021980000000001 0.5878429999999998 0.7837099999999997 0.2010000000000001
61 SW1417 PI3K 49.0 0.0002 0.0002 0.0002 0.9998009999999996 0.0 0.570996 0.5771999999999998 0.6041389999999996 0.4884 0.5683949999999999 0.04143299999999999 0.18720000000000003
62 SK-CO-1 Zero 49.0 1.000002 0.010594000000000003 0.377237 0.9901740000000001 0.28859 0.48660200000000003 0.4344009999999999 0.5566999999999999 0.4828020000000001 0.4828020000000001 1.000002 0.0
61 SW1417 p53 49.0 0.0004 0.0004 0.0004 0.9995989999999998 0.5829159999999999 0.5797599999999999 0.5707989999999997 0.6190140000000002 0.49199999999999994 0.578075 0.041238000000000004 0.193
62 SK-CO-1 BRAF 49.0 0.9999999999999998 0.015585000000000002 0.41012800000000005 0.9857549999999996 0.286027 0.4909370000000001 0.423601 0.566097 0.48560000000000003 0.48560000000000003 0.9999999999999998 0.0
62 SK-CO-1 PI3K 49.0 0.9999989999999999 0.009532999999999998 0.377633 0.99149 0.0 0.5045989999999998 0.431199 0.5675279999999998 0.5009989999999999 0.5009989999999999 0.9999989999999999 0.0
62 SK-CO-1 p53 49.0 0.9999999999999997 0.008873999999999998 0.3758809999999999 0.9930079999999999 0.36166200000000004 0.5193999999999998 0.41859999999999997 0.5552239999999997 0.5175999999999998 0.5175999999999998 0.9999999999999997 0.0
63 MDST8 Zero 49.0 0.0 0.0 0.0 0.9999990000000001 0.22760000000000002 0.500846 0.24959900000000004 0.6068929999999999 0.510799 0.510799 0.0 0.18480000000000005
63 MDST8 BRAF 49.0 0.586818 0.6162469999999998 0.5600319999999996 0.23874400000000018 0.3376529999999999 0.6001879999999996 0.24500000000000002 0.7063949999999999 0.49940399999999974 0.49940399999999974 0.20475800000000013 0.17839700000000008
63 MDST8 PI3K 49.0 0.0 0.0 0.0 1.0000000000000002 0.0 0.48101299999999997 0.242601 0.600135 0.4919999999999999 0.4919999999999999 0.0 0.18339999999999998
64 Mewo Zero 49.0 0.31252299999999983 0.057047 0.5003639999999999 0.638509 0.31103099999999995 0.49081899999999995 0.10939799999999997 0.001414 0.4905979999999999 0.48979799999999996 0.5959370000000002 0.0
63 MDST8 p53 49.0 0.0 0.0 0.0 0.9999999999999997 0.48730099999999993 0.4883099999999999 0.26220000000000004 0.6015489999999999 0.49799999999999994 0.49799999999999994 0.0 0.19060000000000002
64 Mewo BRAF 49.0 0.3191559999999998 0.064076 0.49320899999999984 0.632332 0.3088999999999999 0.49315999999999993 0.10359999999999998 0.0012000000000000001 0.4941979999999999 0.49220199999999986 0.5918319999999999 0.0
64 Mewo PI3K 49.0 0.317986 0.06106 0.4952540000000001 0.638965 0.0 0.49858399999999997 0.10239899999999996 0.001033 0.49880099999999994 0.49760099999999996 0.6026819999999999 0.0
65 MZ7-mel Zero 49.0 0.0002 0.0002 0.0 1.0000000000000002 0.203351 0.5057999999999999 0.0746 0.0 0.49579999999999996 0.49579999999999996 0.0004 0.0
64 Mewo p53 49.0 0.3144029999999999 0.06558700000000003 0.50184 0.6223659999999999 0.4947520000000001 0.4973 0.10639800000000003 0.001028 0.49719900000000006 0.4959990000000001 0.5873889999999997 0.0
65 MZ7-mel BRAF 49.5 0.234045 0.24657799999999996 0.14193999999999996 0.25509299999999985 0.23731899999999997 0.5255869999999998 0.069403 0.0030009999999999998 0.5092030000000001 0.5092030000000001 0.237035 0.0
65 MZ7-mel PI3K 49.0 0.0 0.0 0.0 0.9999999999999999 0.0 0.5219889999999999 0.077 0.0 0.5065999999999999 0.5065999999999999 0.0 0.0
65 MZ7-mel p53 49.0 0.0 0.0 0.0 0.9999999999999999 0.578762 0.518798 0.0692 0.0 0.5055999999999999 0.5055999999999999 0.0 0.0
66 KM12 Zero 49.0 0.6767190000000001 0.6732190000000001 0.548072 0.18415800000000007 0.7741009999999999 0.7265609999999999 0.6149990000000001 0.5119140000000002 0.503999 0.503999 0.6760469999999998 0.08079499999999999
66 KM12 BRAF 49.0 0.6813089999999998 0.6742769999999998 0.5519669999999998 0.17433800000000008 0.7646689999999999 0.7160089999999999 0.6063969999999997 0.5115989999999998 0.500198 0.500198 0.683313 0.07620000000000003
66 KM12 PI3K 49.0 0.6610220000000001 0.6564000000000001 0.53453 0.19750599999999996 0.0 0.7171859999999998 0.6163980000000001 0.5092769999999999 0.49999899999999997 0.49999899999999997 0.6588140000000001 0.07560100000000003
67 UACC-62 Zero 49.0 0.0 0.0 0.0 1.0 0.14893499999999998 0.27131 0.26959999999999995 0.0 0.5042000000000001 0.331983 0.0 0.060000000000000005
66 KM12 p53 49.0 0.667591 0.6647940000000002 0.5398240000000002 0.186426 0.765488 0.7197210000000002 0.6134000000000001 0.510394 0.5009979999999998 0.5009979999999998 0.6674969999999998 0.074401
67 UACC-62 BRAF 49.0 0.16199200000000014 0.1665790000000001 0.33803499999999953 0.10121100000000005 0.190612 0.2978369999999996 0.2626069999999997 0.10075500000000003 0.48320699999999944 0.3141939999999996 0.13030400000000011 0.060599999999999966
67 UACC-62 PI3K 49.0 0.0 0.0 0.0 1.0 0.0 0.268191 0.263 0.0 0.5074000000000001 0.327566 0.0 0.06739999999999999
67 UACC-62 p53 49.0 0.0 0.0 0.0 1.0000010000000001 0.246855 0.25170000000000003 0.280801 0.0 0.48420100000000005 0.30887000000000003 0.0 0.0604
68 COLO-678 Zero 49.0 1.000000999999999 0.025842000000000004 0.03546999999999999 0.9698729999999997 0.4019419999999998 0.5582119999999996 0.15280000000000005 0.6209469999999997 0.49580099999999994 0.5418689999999997 1.000000999999999 0.12740000000000012
68 COLO-678 BRAF 49.0 1.0000019999999996 0.02803699999999998 0.037848999999999966 0.9706970000000001 0.41325399999999984 0.5624599999999996 0.15700000000000006 0.6316779999999994 0.5052019999999998 0.5432199999999998 1.0000019999999996 0.1232000000000001
68 COLO-678 PI3K 49.0 0.999999 0.03303799999999999 0.04168199999999998 0.964325 0.0 0.5554669999999998 0.13879900000000003 0.6146530000000001 0.49559800000000004 0.540813 0.999999 0.13299900000000006
69 CP66-MEL Zero 49.0 0.9999999999999999 0.0 0.28976999999999997 0.9999999999999999 0.311868 0.511 0.12119999999999999 0.0 0.5108 0.5108 0.9999999999999999 0.0
68 COLO-678 p53 49.0 0.9999999999999994 0.030514999999999997 0.03911799999999999 0.9669869999999996 0.6874199999999994 0.5688969999999998 0.14380000000000007 0.62397 0.5078009999999998 0.5542619999999999 0.9999999999999994 0.14240000000000014
69 CP66-MEL BRAF 49.0 0.9999999999999999 0.0 0.29194400000000004 0.9999999999999999 0.28981599999999996 0.502 0.11860000000000001 0.0 0.502 0.502 0.9999999999999999 0.0
69 CP66-MEL PI3K 49.0 1.0 0.0 0.294424 1.0 0.0 0.5005999999999999 0.1254 0.0 0.5005999999999999 0.5005999999999999 1.0 0.0
69 CP66-MEL p53 49.0 1.000001 0.0 0.292385 1.000001 0.8372409999999999 0.49060000000000004 0.12879999999999997 0.0 0.49060000000000004 0.49060000000000004 1.000001 0.0
70 VMRC-MELG Zero 49.0 0.005028 0.004805 0.0027400000000000002 1.0000009999999993 0.4611489999999996 0.49435199999999974 0.4906009999999997 0.6108269999999997 0.5039989999999995 0.5043989999999995 0.004342 0.3968009999999998
70 VMRC-MELG BRAF 49.0 0.6875809999999997 0.7230159999999994 0.6756399999999998 0.424957 0.6533879999999999 0.6311579999999996 0.4871999999999999 0.7730280000000002 0.5036039999999997 0.5040039999999997 0.2425000000000001 0.385602
70 VMRC-MELG PI3K 49.0 0.00428 0.004246 0.004898 1.0000019999999998 0.0 0.48396899999999987 0.4787999999999999 0.6060939999999998 0.49279999999999996 0.4933599999999999 0.0039239999999999995 0.4039999999999999
71 COLO-792 Zero 49.0 0.027398 0.017183000000000004 0.814362 0.30987799999999993 0.4672629999999999 0.5642330000000001 0.10239899999999998 0.009784 0.4988 0.4988 0.17280600000000004 0.0
70 VMRC-MELG p53 49.0 0.004716 0.004511 0.0028000000000000004 1.0000009999999997 0.6350629999999998 0.49714299999999995 0.4849999999999999 0.6087769999999998 0.5061999999999998 0.5071999999999998 0.004083 0.3854
71 COLO-792 BRAF 49.0 0.030327 0.020003 0.7993150000000006 0.31386799999999987 0.451345 0.5603980000000003 0.09960000000000001 0.006971999999999999 0.490001 0.490001 0.17467299999999997 0.0
71 COLO-792 PI3K 49.0 0.03193100000000001 0.020138999999999997 0.8044730000000002 0.31466399999999994 0.0 0.5668610000000002 0.097198 0.00898 0.5035999999999998 0.5035999999999998 0.17628700000000005 0.0
71 COLO-792 p53 49.0 0.028718000000000004 0.015762 0.8037659999999999 0.29841599999999985 0.5258619999999998 0.5503179999999999 0.10159700000000002 0.007838999999999999 0.483797 0.483797 0.162579 0.0
72 SNU-175 Zero 49.0 0.4210509999999996 0.2635290000000001 0.10361800000000003 0.8566009999999986 0.31689700000000004 0.7121829999999987 0.11379800000000004 0.6100249999999988 0.516394999999999 0.41887699999999994 0.6211739999999983 0.061997999999999956
72 SNU-175 BRAF 49.0 0.5879029999999995 0.383281 0.14354200000000011 0.7962719999999996 0.32971699999999976 0.752259999999999 0.11360000000000012 0.6079569999999994 0.5111979999999996 0.4204360000000001 0.8434589999999996 0.06479800000000001
72 SNU-175 PI3K 49.0 0.39846100000000007 0.25100300000000003 0.09388100000000003 0.8710179999999993 0.0 0.6996159999999996 0.11759900000000002 0.6153579999999997 0.4879939999999998 0.39551399999999975 0.5990539999999995 0.06159899999999999
73 SK-MEL-5 Zero 49.0 0.0 0.0 0.084845 0.9997990000000002 0.260309 0.505799 0.1578 0.0 0.505799 0.505799 0.0 0.064
72 SNU-175 p53 49.0 0.43466699999999925 0.28176599999999985 0.10698300000000002 0.8577549999999983 0.5915559999999992 0.7123129999999985 0.12120000000000013 0.6192709999999992 0.4917949999999994 0.3957429999999999 0.6432849999999986 0.05780099999999996
73 SK-MEL-5 BRAF 49.0 0.20064900000000008 0.1956280000000001 0.4876 0.22056400000000004 0.2601199999999999 0.505282 0.1473990000000001 0.017377 0.4956 0.4956 0.22738100000000014 0.064599
73 SK-MEL-5 PI3K 49.0 0.00047400000000000003 0.0004 0.08934900000000003 0.9996 0.0 0.5088 0.1568 0.0002 0.5086 0.5086 0.000926 0.0578
73 SK-MEL-5 p53 49.0 0.0006000000000000001 0.0006000000000000001 0.07852200000000001 0.9990000000000001 0.497 0.4976 0.1504 0.0 0.4976 0.4976 0.0008 0.07
74 SW48 Zero 49.0 0.039583 0.036296999999999996 0.0064709999999999985 0.9942069999999997 0.9999999999999997 0.49359899999999984 0.5662009999999997 0.9999999999999997 0.49359899999999984 0.49359899999999984 0.035113 0.0
74 SW48 BRAF 49.0 0.03847400000000001 0.036168000000000006 0.006942999999999999 0.9944129999999998 1.0000019999999998 0.5010009999999999 0.5596 1.0000019999999998 0.5010009999999999 0.5010009999999999 0.034719 0.0
74 SW48 PI3K 49.0 0.03956 0.037475 0.0038140000000000005 0.9967990000000001 0.0 0.507999 0.5644000000000001 0.9999990000000001 0.507999 0.507999 0.036112 0.0
74 SW48 p53 49.0 0.03833699999999999 0.03581699999999999 0.008535 0.9923360000000001 0.9999990000000001 0.4954 0.552398 0.9999990000000001 0.4954 0.4954 0.03450999999999999 0.0
75 WM278 Zero 49.0 0.0 0.0 0.0 0.9999990000000001 0.253734 0.35323200000000005 0.26839900000000005 0.0 0.5077999999999999 0.280967 0.0 0.1876
75 WM278 BRAF 49.5 0.23301400000000005 0.2859069999999999 0.2412380000000001 0.536832 0.34276499999999993 0.3498909999999997 0.2693949999999997 0.0 0.5003989999999994 0.2755939999999998 0.1227110000000001 0.18079800000000018
75 WM278 PI3K 49.0 0.0 0.0 0.0 1.0 0.0 0.34343399999999996 0.266 0.0 0.49760000000000004 0.27288799999999996 0.0 0.1852
75 WM278 p53 49.0 0.0 0.0 0.0 1.0000000000000002 0.7255999999999999 0.34753900000000004 0.2674 0.0 0.5071989999999998 0.273943 0.0 0.17200000000000007
76 HMV-II Zero 49.0 0.999998 0.0 0.0 0.999998 0.627925 0.38332000000000005 0.1326 0.0 0.4821980000000001 0.38783100000000004 0.999998 0.06539900000000001
76 HMV-II BRAF 49.0 1.0 0.0 0.0 1.0 0.6463239999999999 0.41253699999999993 0.1396 0.0 0.5076 0.41528499999999996 1.0 0.0634
76 HMV-II PI3K 49.0 1.0 0.0 0.0 1.0 0.0 0.41046800000000006 0.13620000000000002 0.0 0.5104 0.413461 1.0 0.0568
76 HMV-II p53 49.0 0.999999 0.0 0.0 0.999999 0.870594 0.403305 0.13039900000000001 0.0 0.5017989999999999 0.40527599999999997 0.999999 0.059399999999999994
77 IST-MEL1 Zero 49.0 0.059789999999999996 0.032124 0.0 0.9999989999999994 0.8421069999999995 0.49979999999999997 0.21019900000000014 0.377388 0.49979999999999997 0.49979999999999997 0.07114400000000004 0.09080000000000005
77 IST-MEL1 BRAF 49.5 0.5528449999999999 0.3862 0.042872000000000014 0.8383210000000001 0.9816360000000001 0.5006979999999999 0.21880200000000002 0.38112500000000005 0.4931999999999999 0.49299999999999994 0.594532 0.09879900000000004
77 IST-MEL1 PI3K 49.0 0.055126999999999995 0.02788 0.0 1.000002 0.0 0.502401 0.21320100000000008 0.3664169999999999 0.502401 0.502401 0.06690900000000005 0.08880000000000005
77 IST-MEL1 p53 49.0 0.055445999999999995 0.027109999999999995 0.0 0.9999979999999997 0.8352009999999999 0.5043989999999999 0.22139900000000012 0.38327000000000006 0.5043989999999999 0.5043989999999999 0.062892 0.08400000000000003
78 CP67-MEL Zero 49.0 0.0 0.0 0.017066 1.0 0.7266819999999998 0.517012 0.5126000000000002 0.0 0.49899999999999994 0.5153960000000001 0.0 0.253
78 CP67-MEL BRAF 49.5 0.25249299999999997 0.269747 0.4261430000000001 0.8426179999999999 0.807526 0.5137269999999997 0.5215979999999998 0.0 0.4964020000000003 0.5124419999999996 0.25216399999999994 0.24840199999999996
78 CP67-MEL PI3K 49.0 0.0002 0.0002 0.016214 1.0 0.0 0.5223009999999999 0.5116 0.0 0.5036 0.5215519999999999 0.0002 0.2456
79 LS1034 Zero 49.0 0.9999999999999999 0.0 0.0 0.9999999999999999 0.33542 0.49640000000000006 0.6914 0.0 0.49640000000000006 0.49640000000000006 0.9999999999999999 0.1112
78 CP67-MEL p53 49.0 0.0 0.0 0.019936 1.0000000000000002 0.817401 0.515 0.5134000000000001 0.0 0.4984 0.5144960000000001 0.0002 0.2504
79 LS1034 BRAF 49.0 1.0 0.0 0.0 1.0 0.35041999999999995 0.508 0.6898000000000001 0.0 0.508 0.508 1.0 0.1104
79 LS1034 PI3K 49.0 1.0 0.0 0.0 1.0 0.0 0.5046 0.6886 0.0 0.5046 0.5046 1.0 0.11399999999999999
79 LS1034 p53 49.0 1.0 0.0 0.0 1.0 0.33041000000000004 0.48960000000000004 0.6898000000000001 0.0 0.48940000000000006 0.48940000000000006 1.0 0.1076
80 CaR-1 Zero 49.0 0.9436389999999995 0.9093800000000002 0.7482889999999998 0.6599449999999999 0.9892450000000002 0.5978599999999995 0.49519900000000006 0.7298039999999997 0.5054019999999999 0.5054019999999999 0.8409089999999999 0.08599700000000005
80 CaR-1 BRAF 49.0 0.9344229999999997 0.8988110000000001 0.7461489999999997 0.6580629999999995 0.9872029999999996 0.5948909999999997 0.49259999999999987 0.7194039999999998 0.5026019999999998 0.5026019999999998 0.8351999999999999 0.07720099999999996
80 CaR-1 PI3K 49.0 0.8859929999999993 0.8413029999999999 0.7228709999999999 0.7439139999999991 0.0 0.5593759999999997 0.4904029999999999 0.721626 0.5038019999999996 0.5038019999999996 0.7857499999999996 0.08139900000000001
81 G-361 Zero 49.0 0.021748 0.0 0.0 0.9999999999999999 0.370206 0.49619900000000006 0.14999900000000002 0.0 0.49619900000000006 0.49619900000000006 0.17629200000000003 0.0356
80 CaR-1 p53 49.0 0.9412779999999996 0.904091 0.739406 0.6671049999999997 0.9875849999999997 0.5919640000000002 0.49780199999999974 0.723104 0.507002 0.507002 0.8401299999999998 0.07400200000000004
81 G-361 BRAF 49.0 0.23165599999999992 0.063069 0.127528 0.5450379999999997 0.37628299999999987 0.5054589999999998 0.14899800000000002 0.0019939999999999997 0.5031999999999999 0.5031999999999999 0.5391999999999998 0.03460099999999999
81 G-361 PI3K 49.0 0.020586999999999994 0.0 0.0 0.9999989999999999 0.0 0.5059990000000001 0.14920000000000003 0.0 0.5059990000000001 0.5059990000000001 0.177726 0.03840000000000001
81 G-361 p53 49.0 0.018025999999999993 0.0 0.0 0.9999999999999997 0.595891 0.4935999999999999 0.14640000000000003 0.0 0.4935999999999999 0.4935999999999999 0.17289300000000005 0.034999999999999996
82 SW620 Zero 49.0 0.9999989999999999 0.0 0.028374999999999997 0.9999989999999999 0.5025209999999999 0.501119 0.5479989999999999 0.0 0.5121999999999999 0.5129999999999998 0.9999989999999999 0.33819999999999995
82 SW620 BRAF 49.0 0.999999 0.0002 0.034191000000000006 0.999969 0.4996650000000001 0.49997900000000006 0.550599 0.0 0.5067999999999999 0.5086409999999999 0.999999 0.3401989999999999
82 SW620 PI3K 49.0 1.0 0.0002 0.025623999999999997 1.0 0.0 0.4947299999999999 0.5538000000000002 0.0 0.49999999999999994 0.5012 1.0 0.3105999999999999
82 SW620 p53 49.0 0.9999999999999999 0.0004 0.026912 0.9997999999999999 0.4903859999999998 0.49135799999999985 0.5467999999999997 0.0002 0.49939999999999984 0.5001999999999999 0.9999999999999999 0.3265999999999999
83 T84 Zero 49.0 1.0000019999999998 0.02618999999999999 0.027802999999999998 0.9702619999999998 1.0000019999999998 0.5154580000000002 0.558202 0.608638 0.5106010000000002 0.5145400000000001 1.0000019999999998 0.0
83 T84 BRAF 49.0 1.000002 0.027649999999999994 0.031136999999999998 0.9679909999999999 1.000002 0.505801 0.5710020000000001 0.6192820000000002 0.5026010000000001 0.505601 1.000002 0.0
83 T84 PI3K 49.0 1.0000030000000002 0.024936999999999997 0.028421999999999992 0.972186 0.0 0.511002 0.556402 0.611247 0.505202 0.510402 1.0000030000000002 0.0
83 T84 p53 49.0 1.0 0.025042 0.028143999999999992 0.9691519999999999 1.0 0.5074240000000001 0.5716 0.615291 0.502201 0.506787 0.9998 0.0
84 COLO-783 Zero 49.0 0.0939720000000001 0.08601200000000007 0.0 0.9999989999999993 0.35886499999999966 0.3934009999999996 0.3097999999999998 0.3935059999999998 0.5145979999999996 0.3783589999999999 0.1045000000000001 0.09100000000000008
84 COLO-783 BRAF 49.0 0.6716279999999997 0.6266750000000002 0.09785400000000007 0.8465599999999988 0.40941699999999986 0.4950459999999997 0.317202 0.4160039999999999 0.48939399999999944 0.3648699999999999 0.7190959999999988 0.08600100000000008
84 COLO-783 PI3K 49.0 0.096698 0.08808399999999998 0.0 0.9999999999999996 0.0 0.37117200000000006 0.31600000000000006 0.38126399999999994 0.494598 0.35650100000000007 0.10617400000000005 0.08800000000000002
84 COLO-783 p53 49.0 0.10249300000000006 0.09202000000000002 0.0 0.9999999999999999 0.8012880000000001 0.37955899999999976 0.2951989999999998 0.3718489999999997 0.5005979999999998 0.3666529999999999 0.11398000000000005 0.09220100000000005
85 Hs-939-T Zero 49.0 0.0 0.0 0.0036000000000000003 0.9999989999999999 0.4771179999999999 0.4813049999999999 0.46959899999999993 0.0 0.5135989999999999 0.4828969999999999 0.0 0.2658
85 Hs-939-T BRAF 49.0 0.18445200000000003 0.15315399999999998 0.6372470000000002 0.45739700000000005 0.46495899999999973 0.4606389999999997 0.4754039999999996 0.021335999999999997 0.4910009999999997 0.45106199999999985 0.12375400000000004 0.26639799999999997
85 Hs-939-T PI3K 49.0 0.0 0.0 0.0044 0.9999999999999999 0.0 0.46348100000000003 0.46559999999999996 0.0 0.4986 0.46535400000000005 0.0 0.2764
86 MEL-HO Zero 49.0 0.0 0.0 0.0 0.9999999999999999 0.314054 0.5102 0.3242 0.0 0.5102 0.5102 0.0 0.0
85 Hs-939-T p53 49.0 0.0 0.0 0.00427 1.000001 0.8049989999999999 0.4638809999999999 0.4622009999999999 0.0 0.503001 0.4664249999999999 0.0 0.26920099999999997
86 MEL-HO BRAF 49.0 0.09563399999999998 0.06746600000000001 0.31114099999999995 0.100281 0.3359480000000001 0.524972 0.310999 0.06969700000000004 0.4996000000000001 0.4996000000000001 0.13527000000000008 0.0
86 MEL-HO PI3K 49.0 0.0 0.0 0.0 1.0 0.0 0.496 0.3154 0.0 0.496 0.496 0.0 0.0
86 MEL-HO p53 49.0 0.0 0.0 0.0 1.0 0.504 0.5052 0.3298 0.0 0.5052 0.5052 0.0002 0.0
87 RPMI-7951 Zero 49.0 0.0 0.0 0.0 0.999999 0.479807 0.494999 0.19260000000000002 0.5589759999999999 0.49639900000000003 0.495014 0.003962 0.26979999999999993
87 RPMI-7951 BRAF 49.0 0.2606349999999999 0.2813879999999997 0.22071700000000005 0.46155500000000016 0.6952830000000001 0.5730660000000001 0.18760500000000008 0.6223729999999998 0.5020000000000001 0.5012000000000001 0.5040649999999999 0.273806
87 RPMI-7951 PI3K 49.0 0.0 0.0 0.0 1.0000010000000001 0.0 0.5020009999999999 0.1872 0.5495749999999999 0.5032009999999999 0.5022009999999999 0.002831 0.2686
87 RPMI-7951 p53 49.0 0.0 0.0 0.0 0.9999999999999999 0.5101159999999999 0.4856319999999999 0.19880000000000003 0.5676869999999999 0.4869999999999999 0.4859999999999999 0.003879 0.26539999999999997
88 SK-MEL-30 Zero 49.0 1.0 0.0 0.003945 1.0 0.545013 0.5065999999999999 0.12340000000000001 0.0 0.5065999999999999 0.5065999999999999 1.0 0.0
88 SK-MEL-30 BRAF 49.0 1.0000000000000002 0.0 0.0026 1.0000000000000002 0.532488 0.49099999999999994 0.117 0.0 0.49099999999999994 0.49099999999999994 1.0000000000000002 0.0
88 SK-MEL-30 PI3K 49.0 1.0 0.0 0.004462000000000001 1.0 0.0 0.5046 0.1266 0.0 0.5046 0.5046 1.0 0.0
88 SK-MEL-30 p53 49.0 1.000001 0.0 0.0037050000000000004 1.000001 0.7963099999999999 0.4901999999999999 0.11980000000000002 0.0 0.4901999999999999 0.4901999999999999 1.000001 0.0
89 SNU-81 Zero 49.0 0.9999989999999994 0.02428899999999999 0.025771999999999993 0.9762449999999997 0.5281929999999996 0.5167999999999998 0.42479999999999996 0.5982569999999997 0.5167999999999998 0.5167999999999998 0.9999989999999994 0.11540000000000006
89 SNU-81 BRAF 49.0 0.9999999999999998 0.021618 0.022830000000000007 0.978285 0.5116169999999999 0.5032009999999999 0.4196 0.5947029999999999 0.5032009999999999 0.5032009999999999 0.9999999999999998 0.11000000000000001
89 SNU-81 PI3K 49.0 0.9999999999999993 0.022485999999999996 0.022067999999999997 0.9780009999999997 0.0 0.4871999999999999 0.43080000000000007 0.5995569999999998 0.4871999999999999 0.4871999999999999 0.9999999999999993 0.11680000000000003
89 SNU-81 p53 49.0 0.9999999999999999 0.025787999999999995 0.025368999999999996 0.975033 0.508189 0.4982 0.431801 0.589364 0.4982 0.4982 0.9999999999999999 0.11160000000000005
90 A2058 Zero 49.0 0.0 0.0 0.0 1.0 0.5010299999999999 0.5022 0.29400000000000004 0.0 0.5022 0.5022 0.0 0.08860000000000001
90 A2058 BRAF 49.0 0.0002 0.0002 0.0002 0.9997999999999999 0.4938199999999999 0.49479999999999996 0.3017999999999999 0.0 0.49479999999999996 0.49479999999999996 0.0002 0.09360000000000002
90 A2058 PI3K 49.0 0.0 0.0 0.0002 1.0 0.0 0.497 0.29439999999999994 0.0 0.497 0.497 0.0 0.09160000000000001
90 A2058 p53 49.0 0.0 0.0 0.0 1.0000000000000002 0.497 0.4982 0.28539999999999993 0.0 0.4982 0.4982 0.0 0.08660000000000001
91 HCC2998 Zero 49.0 1.0000019999999998 0.0 0.005224999999999999 1.0000019999999998 0.6709919999999998 0.5243819999999999 0.48640100000000003 0.5958829999999999 0.49860000000000004 0.523088 1.0000019999999998 0.11600000000000003
91 HCC2998 BRAF 49.0 0.999999 0.0 0.005318 0.999999 0.681261 0.5344639999999999 0.48679799999999984 0.6052089999999999 0.5057999999999999 0.5322549999999999 0.999999 0.11120000000000002
91 HCC2998 PI3K 49.0 1.0 0.0 0.00367 1.0 0.0 0.5240420000000001 0.4946 0.5927600000000001 0.4984000000000001 0.5227690000000002 1.0 0.11099999999999999
91 HCC2998 p53 49.0 1.0 0.0 0.004823 1.0 0.6803279999999999 0.5281859999999999 0.4953999999999999 0.588019 0.501 0.527302 1.0 0.10780000000000003
92 LB373-MEL-D Zero 49.0 1.0 0.0 0.0 1.0 0.429232 0.50329 0.269 0.0 0.49200000000000005 0.49200000000000005 1.0 0.0972
92 LB373-MEL-D BRAF 49.0 1.0 0.0 0.0 1.0 0.42384099999999997 0.503695 0.27459999999999996 0.0 0.49460000000000004 0.49460000000000004 1.0 0.0916
92 LB373-MEL-D PI3K 49.0 0.9999999999999999 0.0 0.0 0.9999999999999999 0.0 0.5042 0.2594 0.0 0.4948 0.4948 0.9999999999999999 0.0952
92 LB373-MEL-D p53 49.0 1.0 0.0 0.0 1.0 0.6852820000000001 0.5014000000000001 0.274 0.0 0.48940000000000006 0.48940000000000006 1.0 0.0962
93 CP50-MEL-B Zero 49.0 0.0 0.0 0.0 1.0000000000000002 0.210761 0.5115959999999999 0.2022 0.0 0.4997999999999999 0.4997999999999999 0.0 0.061599999999999995
93 CP50-MEL-B BRAF 49.5 0.21470500000000012 0.5289629999999996 0.4774429999999996 0.5227989999999997 0.2200240000000001 0.5044069999999999 0.20840000000000009 0.0 0.4977989999999997 0.49659899999999985 0.29173699999999997 0.063598
93 CP50-MEL-B PI3K 49.0 0.0 0.0 0.0 1.0 0.0 0.497204 0.1996 0.0 0.48760000000000003 0.4864 0.0 0.0692
94 C2BBe1 Zero 49.5 0.4469949999999996 0.46020199999999967 0.21540500000000015 0.8946219999999989 0.7244799999999995 0.774007999999999 0.3963959999999995 0.6359139999999996 0.5033959999999997 0.5033959999999997 0.7900009999999991 0.055397999999999954
93 CP50-MEL-B p53 49.0 0.0 0.0 0.0 0.9999989999999999 0.8942309999999998 0.505853 0.19759999999999997 0.0 0.49979999999999997 0.4984 0.0 0.065
94 C2BBe1 BRAF 49.0 0.5258849999999997 0.5372369999999999 0.24669700000000025 0.8930239999999993 0.7527539999999995 0.7924439999999995 0.39159899999999964 0.6326320000000001 0.5026039999999998 0.5026039999999998 0.8948299999999996 0.05420099999999997
94 C2BBe1 PI3K 49.0 0.4525369999999999 0.46179899999999985 0.214708 0.8968420000000003 0.0 0.7807340000000003 0.4014049999999999 0.6292240000000003 0.500002 0.500002 0.7731060000000002 0.05900000000000002
95 IGR-37 Zero 49.0 0.03056 0.0 0.0 1.000002 0.382464 0.5052009999999999 0.0978 0.0 0.5052009999999999 0.5052009999999999 0.265669 0.0
94 C2BBe1 p53 49.5 0.46022499999999994 0.476109 0.2229130000000001 0.8953549999999996 0.8807119999999996 0.7762099999999994 0.396006 0.6354719999999995 0.5022059999999998 0.5022059999999998 0.7838789999999997 0.05980099999999998
95 IGR-37 BRAF 49.0 0.157979 0.010675 0.047356 0.6761909999999999 0.3726729999999999 0.5015620000000001 0.10140000000000003 0.0018840000000000003 0.5007989999999999 0.5007989999999999 0.497447 0.0
95 IGR-37 PI3K 49.0 0.03587 0.0 0.0 1.0 0.0 0.49100000000000005 0.10039999999999999 0.0 0.49100000000000005 0.49100000000000005 0.2672280000000001 0.0
95 IGR-37 p53 49.0 0.037188 0.0 0.0 0.9999989999999999 0.492999 0.493799 0.10960000000000002 0.0 0.493799 0.493799 0.27610999999999997 0.0
96 Hs-940-T Zero 49.0 0.999999 0.005761999999999999 0.0056029999999999995 0.9873240000000001 0.3082319999999999 0.4092449999999999 0.1602 0.0 0.5035989999999999 0.40981699999999993 0.999999 0.5634
96 Hs-940-T BRAF 49.0 0.9999989999999999 0.007275 0.007204 0.986312 0.32065600000000005 0.412784 0.16760000000000003 0.0 0.5089989999999996 0.412891 0.9999989999999999 0.5629999999999998
96 Hs-940-T PI3K 49.0 1.0000009999999997 0.009401000000000001 0.009367 0.98234 0.0 0.40946 0.16440000000000002 0.0 0.504401 0.40984000000000004 1.0000009999999997 0.5554009999999999
96 Hs-940-T p53 49.0 1.0000010000000001 0.005963 0.006169 0.9878160000000001 0.395082 0.396739 0.14900100000000002 0.0 0.49580199999999996 0.396978 1.0000010000000001 0.5562
97 C32 Zero 49.0 0.0 0.0 0.0 0.999999 0.4173300000000001 0.49959900000000007 0.33819899999999997 0.0 0.49959900000000007 0.49959900000000007 0.017921999999999997 0.09000000000000001
97 C32 BRAF 49.0 0.06469899999999999 0.08957700000000002 0.10754400000000001 0.514776 0.4105089999999999 0.5018239999999998 0.3368019999999998 0.030884999999999992 0.4919989999999998 0.4919989999999998 0.23687099999999994 0.09300100000000001
97 C32 PI3K 49.0 0.0 0.0 0.0 1.0 0.0 0.5057999999999999 0.3518 0.0 0.5057999999999999 0.5057999999999999 0.015269 0.0898
97 C32 p53 49.0 0.0 0.0 0.0 1.000001 0.515035 0.516401 0.35379999999999995 0.0 0.516401 0.516401 0.015561000000000002 0.08700000000000002
98 GP5d Zero 49.0 1.000001 0.4081570000000001 0.045881 0.9444299999999999 1.000001 0.4964010000000001 0.15399999999999997 0.5986749999999998 0.4964010000000001 0.4964010000000001 1.000001 0.0
98 GP5d BRAF 49.0 0.9999990000000001 0.4050499999999999 0.04388999999999999 0.9483980000000001 0.9999990000000001 0.5061979999999999 0.1486 0.6042490000000001 0.5061979999999999 0.5061979999999999 0.9999990000000001 0.0
98 GP5d PI3K 49.0 0.9999999999999999 0.411939 0.044951 0.945924 0.0 0.48 0.14640000000000003 0.600082 0.48 0.48 0.9999999999999999 0.0
98 GP5d p53 49.0 0.9999999999999997 0.4078660000000001 0.04917799999999999 0.9421829999999999 0.9999999999999997 0.49520000000000014 0.15160000000000004 0.6082789999999998 0.49520000000000014 0.49520000000000014 0.9999999999999997 0.0
99 IGR-1 Zero 49.0 0.0 0.0 0.0 1.0 0.370753 0.495 0.31060000000000004 0.0 0.495 0.495 0.0 0.0
99 IGR-1 BRAF 49.0 0.09821099999999998 0.084438 0.06309300000000001 0.11033799999999999 0.3895890000000001 0.5093150000000001 0.32500100000000026 0.057793000000000004 0.5069980000000001 0.5069980000000001 0.09952799999999998 0.0
99 IGR-1 PI3K 49.0 0.0 0.0 0.0 1.0 0.0 0.4934 0.3266 0.0 0.4934 0.4934 0.0 0.0
99 IGR-1 p53 49.0 0.0 0.0 0.0 1.0 0.493 0.49420000000000003 0.32439999999999997 0.0 0.49420000000000003 0.49420000000000003 0.0 0.0
100 CCK-81 Zero 49.0 0.5467700000000001 0.608753 0.7676110000000002 0.200776 1.0000010000000004 0.6001900000000001 0.41099900000000006 0.480269 0.502002 0.502002 0.5498290000000003 0.0
100 CCK-81 BRAF 49.0 0.548663 0.6118420000000001 0.775282 0.20062699999999997 1.0000020000000003 0.6025080000000004 0.40320399999999995 0.499183 0.5034020000000001 0.5034020000000001 0.5493340000000002 0.0
101 MZ2-MEL Zero 49.0 1.0000010000000001 0.0 0.0 1.0000010000000001 0.40735200000000005 0.222823 0.308799 0.0 0.486801 0.22334399999999996 1.0000010000000001 0.213001
100 CCK-81 PI3K 49.0 0.49223199999999995 0.552797 0.7596000000000004 0.26833599999999996 0.0 0.5854429999999998 0.41280300000000003 0.4867999999999998 0.49740199999999996 0.49740199999999996 0.49808399999999997 0.0
101 MZ2-MEL BRAF 49.0 1.0 0.0 0.0 1.0 0.3893299999999999 0.227409 0.29599999999999993 0.0 0.49739999999999995 0.228102 1.0 0.2044
101 MZ2-MEL PI3K 49.0 0.999999 0.0 0.0 0.999999 0.0 0.22735700000000003 0.3052 0.0 0.49779900000000005 0.227696 0.999999 0.22579899999999997
100 CCK-81 p53 49.0 0.549152 0.6111149999999997 0.7672369999999998 0.19944800000000001 0.9999979999999998 0.5927319999999999 0.4039959999999999 0.4880530000000001 0.48800099999999996 0.48800099999999996 0.552343 0.0
101 MZ2-MEL p53 49.0 1.0 0.0 0.0 1.0 0.8534520000000002 0.219984 0.3038 0.0 0.48280000000000006 0.22062600000000002 1.0 0.20899999999999996
102 SNU-61 Zero 49.0 0.9999979999999997 0.24739400000000006 0.30097899999999966 0.730582 0.5815149999999997 0.568176 0.4945959999999997 0.6908229999999996 0.4981979999999997 0.4981979999999997 0.7612879999999997 0.0
102 SNU-61 BRAF 49.0 1.0000019999999996 0.27664999999999995 0.3331669999999999 0.6930269999999998 0.6109249999999998 0.5926819999999998 0.4930010000000001 0.7016049999999997 0.5008009999999998 0.5008009999999998 0.7610249999999995 0.0
102 SNU-61 PI3K 49.0 0.999997 0.06670300000000001 0.10700100000000003 0.9242369999999999 0.0 0.517567 0.4993989999999999 0.6562119999999999 0.5052009999999998 0.5052009999999998 0.75057 0.0
102 SNU-61 p53 49.0 0.9999979999999997 0.2306560000000001 0.27660799999999997 0.750358 0.5780600000000001 0.5652089999999999 0.48119900000000004 0.682333 0.5057989999999999 0.5057989999999999 0.7688009999999996 0.0
