n_profile Patient_ID Drug_ID Time Proliferation_b1 Proliferation_b2 BRAF PTEN AKT PDPK1 p70_b1 p70_b2 ERK_b1 ERK_b2 MEK_b1 MEK_b2
0 SK-CO-1 Zero 49.0 0.25685300000000005 0.055659999999999994 0.48717200000000005 0.12880199999999997 0.3006039999999999 0.313343 0.39274899999999985 0.236759 0.32106700000000005 0.18804100000000004 0.3694139999999999 0.22512599999999997
0 SK-CO-1 BRAF 49.0 0.11578099999999997 0.054735 0.0 0.122 0.303553 0.3137510000000001 0.39889400000000014 0.24010199999999998 0.25273000000000007 0.0 0.32951100000000005 0.0
1 SW1417 Zero 49.0 0.41370399999999985 0.30257399999999995 0.10793499999999999 0.3936589999999998 0.4575679999999999 0.5062389999999998 0.6545509999999998 0.46661099999999983 0.652322 0.07906300000000002 0.7555199999999999 0.10373300000000003
0 SK-CO-1 PI3K 49.0 0.247371 0.0 0.7177320000000003 0.12100000000000002 0.0 0.0 0.04261999999999999 0.0 0.3444109999999999 0.2716699999999999 0.38356899999999994 0.33666899999999994
1 SW1417 BRAF 49.0 0.42019 0.3068719999999999 0.0 0.3887389999999999 0.46510399999999996 0.5155399999999999 0.6719329999999997 0.47206699999999985 0.6530149999999998 0.0 0.7582059999999997 0.0
0 SK-CO-1 p53 49.0 0.29173800000000016 0.067538 0.439637 0.0 0.35857300000000014 0.37415500000000007 0.4531990000000001 0.28283 0.32133900000000004 0.17895800000000003 0.37300900000000003 0.21389600000000003
1 SW1417 PI3K 49.0 0.11633800000000001 0.0 0.24446600000000002 0.399441 0.0 0.0 0.023589 0.0 0.6541980000000002 0.18966200000000003 0.760635 0.239978
2 SK-MEL-5 Zero 49.0 0.050504 0.030804 0.06346200000000002 0.4920540000000001 0.276533 0.26172199999999995 0.35291300000000003 0.260451 0.09178099999999995 0.017233 0.11476099999999999 0.026559000000000006
2 SK-MEL-5 BRAF 49.0 0.048227 0.028879 0.0 0.48375200000000007 0.2879069999999999 0.27418400000000004 0.37317799999999995 0.275214 0.08279900000000001 0.0 0.110271 0.0
1 SW1417 p53 49.0 0.6362119999999997 0.474442 0.031010000000000003 0.0 0.7319059999999995 0.8086789999999994 0.9202859999999994 0.7369759999999995 0.6608319999999995 0.020559000000000004 0.7607739999999994 0.027608000000000008
2 SK-MEL-5 PI3K 49.0 0.016442999999999996 0.0 0.11632500000000001 0.475335 0.001722 0.0 0.048035 0.0 0.08511700000000001 0.030715999999999997 0.10782900000000002 0.047302
3 M14 Zero 49.5 0.6286069999999998 0.327078 0.034584000000000004 0.8041999999999999 0.7298049999999997 0.43509599999999976 0.8890069999999997 0.43476099999999984 0.7852039999999998 0.034447 0.6003149999999998 0.03409699999999999
2 SK-MEL-5 p53 49.0 0.099749 0.063902 0.008487999999999997 0.0 0.5192300000000001 0.5089239999999999 0.5711350000000001 0.506518 0.08514499999999997 0.0023840000000000003 0.10950099999999999 0.0031639999999999997
3 M14 BRAF 49.5 0.6141279999999998 0.32758899999999996 0.0 0.7977999999999998 0.7234299999999996 0.44243799999999994 0.8771359999999997 0.442434 0.7665699999999998 0.0 0.5748389999999999 0.0
4 SK-MEL-3 Zero 49.0 0.11980400000000004 0.05450199999999999 0.09403600000000002 0.5696960000000001 0.4969499999999998 0.23083300000000004 0.7582239999999997 0.22891600000000004 0.192953 0.06282599999999999 0.19667000000000007 0.06926300000000002
3 M14 PI3K 49.5 0.3379109999999999 0.0 0.10346500000000002 0.7972009999999998 0.28288300000000005 0.0 0.5922749999999997 0.0 0.7828449999999997 0.09900300000000002 0.6038729999999999 0.10315200000000002
4 SK-MEL-3 BRAF 49.0 0.12116600000000001 0.06064999999999998 0.0 0.5667030000000001 0.49144199999999993 0.22846200000000003 0.7515599999999998 0.227269 0.17298000000000002 0.0 0.18974600000000003 0.0
3 M14 p53 49.5 0.8009149999999999 0.7119530000000001 0.000802 0.0 0.9928980000000001 0.9732510000000001 0.9896890000000003 0.964755 0.7632329999999999 0.00034300000000000004 0.5840270000000001 0.000726
4 SK-MEL-3 PI3K 49.0 0.11143399999999999 0.0 0.178344 0.5635669999999998 0.296386 0.0 0.6282239999999998 0.0 0.21640600000000002 0.12016400000000003 0.220956 0.131202
4 SK-MEL-3 p53 49.0 0.18838700000000003 0.118019 0.015584999999999996 0.0 0.6896369999999997 0.5206939999999998 0.8502189999999997 0.5197539999999998 0.16396700000000003 0.012352 0.17655700000000002 0.012627
5 MMAc-SF Zero 49.5 0.05830600000000002 0.037059999999999996 0.06938000000000004 0.29448699999999994 0.6431039999999998 0.6109399999999997 0.6869039999999996 0.6041399999999999 0.168904 0.04734699999999999 0.09821800000000004 0.049196999999999984
5 MMAc-SF BRAF 49.5 0.057491 0.038221 0.0 0.2730649999999999 0.6651129999999998 0.6309699999999999 0.7121890000000001 0.623873 0.074545 0.0 0.034901999999999996 0.0
6 LOXIMVI Zero 49.0 0.23811400000000002 0.139506 0.283345 0.47660300000000005 0.428024 0.366945 0.46025400000000005 0.301775 0.46408900000000003 0.16468399999999997 0.7401209999999996 0.26622299999999993
5 MMAc-SF PI3K 49.5 0.129314 0.0 0.23298100000000002 0.27615599999999996 0.0 0.0 0.0017250000000000004 0.0 0.42621499999999996 0.17081300000000005 0.261045 0.17016000000000003
5 MMAc-SF p53 49.5 0.07819900000000002 0.049650999999999994 0.003578 0.0 0.8565069999999995 0.8350949999999998 0.8754969999999995 0.8177619999999997 0.07349299999999999 0.0030230000000000005 0.03964699999999998 0.002458
6 LOXIMVI BRAF 49.0 0.22567800000000013 0.13681600000000002 0.0 0.4729999999999999 0.43061900000000003 0.363309 0.45798399999999984 0.29611000000000004 0.44779799999999986 0.0 0.7428429999999997 0.0
7 Geo Zero 49.0 0.07184700000000001 0.005943 0.018133999999999997 0.5138139999999999 0.23640899999999992 0.38147999999999993 0.37800899999999993 0.044765000000000006 0.15128599999999992 0.017105999999999996 0.12700499999999998 0.017528000000000002
6 LOXIMVI PI3K 49.0 0.186123 0.0 0.5443099999999998 0.4624009999999999 0.007027 0.0 0.028727 0.0 0.46473499999999984 0.331791 0.7346260000000001 0.507628
7 Geo BRAF 49.0 0.06607 0.005039999999999999 0.0 0.5273599999999999 0.22835800000000006 0.36964600000000003 0.36689000000000005 0.043711999999999994 0.13808800000000002 0.0 0.11482500000000001 0.0
6 LOXIMVI p53 49.0 0.4537689999999997 0.2598929999999998 0.04624499999999998 0.0 0.8033609999999994 0.6903369999999999 0.8367269999999997 0.5584259999999998 0.4505729999999996 0.021321 0.7521110000000003 0.039576000000000014
7 Geo PI3K 49.0 0.012798000000000002 0.0 0.025852 0.523693 0.0 0.0 0.0 0.0 0.173359 0.02816299999999999 0.139968 0.027246
7 Geo p53 49.0 0.137759 0.013277 0.0121 0.043894 0.5019119999999999 0.750671 0.7481700000000001 0.10738099999999999 0.150507 0.010737 0.123577 0.012332999999999998
8 SH-4 Zero 49.0 0.09244299999999998 0.061009999999999995 0.120638 0.5640460000000002 0.20004300000000008 0.1915010000000001 0.3963309999999997 0.18792200000000003 0.2529660000000001 0.11764 0.255362 0.11999499999999999
8 SH-4 BRAF 49.0 0.08655499999999998 0.06719800000000001 0.0 0.5703980000000001 0.20661300000000002 0.19750500000000001 0.39184699999999995 0.193587 0.22780600000000006 0.0 0.23269200000000004 0.0
8 SH-4 PI3K 49.0 0.08849400000000002 0.0 0.18967 0.571377 0.0 0.0 0.181104 0.0 0.2766119999999998 0.184587 0.27764399999999984 0.19029
9 HCT-15 Zero 49.0 0.7201679999999999 0.5532159999999997 0.10811500000000003 0.19164800000000004 0.662804 0.680202 0.7676239999999999 0.5953999999999997 0.9073519999999997 0.10545700000000001 0.704665 0.10730200000000001
8 SH-4 p53 49.0 0.22617200000000007 0.15425899999999998 0.047290000000000006 0.0 0.4586989999999999 0.45162199999999997 0.5915899999999997 0.443332 0.2393510000000001 0.047816000000000004 0.24502900000000005 0.047971999999999994
9 HCT-15 BRAF 49.0 0.696967 0.5525979999999999 0.0 0.18980100000000008 0.6625059999999999 0.6782880000000001 0.765826 0.6005109999999998 0.902924 0.0 0.6937890000000001 0.0
10 Hs-939-T Zero 49.0 0.169931 0.08669499999999998 0.008786 0.42452900000000005 0.8007400000000001 0.4709679999999999 0.8705249999999999 0.4744439999999999 0.18925900000000004 0.008497000000000001 0.17394300000000001 0.010004
9 HCT-15 PI3K 49.0 0.5406559999999997 0.21581500000000006 0.30391800000000013 0.18859900000000004 0.22963300000000006 0.22842700000000007 0.40400999999999987 0.23355500000000007 0.9057119999999997 0.297739 0.6907229999999998 0.302466
10 Hs-939-T BRAF 49.0 0.16333100000000006 0.07551900000000003 0.0 0.4342599999999998 0.8055009999999998 0.46168999999999993 0.8784399999999999 0.46392699999999987 0.17784800000000012 0.0 0.17614300000000005 0.0
9 HCT-15 p53 49.0 0.8336529999999998 0.6370809999999999 0.059884000000000014 0.0 0.7570639999999997 0.7805259999999999 0.8553159999999995 0.6887639999999997 0.9003709999999996 0.059085 0.6911849999999996 0.059828
10 Hs-939-T PI3K 49.0 0.10346699999999998 0.0 0.029684000000000002 0.408718 0.4211270000000001 0.0 0.5289109999999997 0.0 0.19665600000000005 0.024797000000000003 0.186986 0.029810999999999997
11 LoVo Zero 49.0 0.3031779999999999 0.16155099999999997 0.3954629999999999 0.45974599999999993 0.29841499999999993 0.36881400000000003 0.4725829999999999 0.27250299999999994 0.5698179999999999 0.291942 0.7384339999999998 0.3819589999999999
10 Hs-939-T p53 49.0 0.223308 0.147711 0.0006680000000000001 0.0 0.9446119999999998 0.8161229999999999 0.9650029999999998 0.816918 0.197274 0.0002 0.189587 0.0006000000000000001
11 LoVo BRAF 49.0 0.29613700000000004 0.168849 0.0 0.4526 0.31057899999999994 0.376818 0.49238799999999994 0.27944100000000005 0.585447 0.0 0.749658 0.0
12 COLO-320 Zero 49.0 0.5774069999999999 0.447848 0.17234500000000003 0.30773499999999987 0.5138749999999999 0.49484599999999995 0.557329 0.499405 0.648775 0.16683200000000004 0.637752 0.167656
11 LoVo PI3K 49.0 0.25038600000000005 0.0 0.6063889999999998 0.45124099999999995 0.0 0.0 0.04746199999999999 0.0 0.572538 0.452426 0.7336619999999998 0.5951719999999998
12 COLO-320 BRAF 49.0 0.49820799999999976 0.46913299999999986 0.0 0.295719 0.531202 0.5141969999999999 0.5697279999999998 0.5195859999999998 0.6751739999999999 0.0 0.6644829999999998 0.0
12 COLO-320 PI3K 49.0 0.5312870000000001 0.0 0.655541 0.31128799999999995 0.0 0.0 0.0 0.0 0.676497 0.656635 0.660051 0.650317
11 LoVo p53 49.0 0.5618499999999997 0.316757 0.21078500000000003 0.0 0.5603819999999997 0.6760739999999995 0.8260759999999993 0.512921 0.5680019999999998 0.14988699999999996 0.7361929999999994 0.20890900000000004
12 COLO-320 p53 49.0 0.6506970000000002 0.6171620000000001 0.010662 0.0 0.712325 0.695213 0.7468910000000001 0.6984929999999999 0.6447140000000002 0.011761999999999998 0.6349730000000001 0.011121999999999998
13 SK-MEL-30 Zero 49.0 0.39656499999999995 0.25268199999999996 0.015099 0.325 0.6466090000000001 0.4837439999999999 0.8534079999999997 0.48112399999999994 0.47949899999999995 0.012956 0.5196819999999998 0.014481
13 SK-MEL-30 BRAF 49.0 0.37273700000000004 0.23268599999999998 0.0 0.338484 0.632785 0.4683030000000001 0.8363510000000001 0.46577900000000005 0.4753490000000001 0.0 0.5085909999999999 0.0
13 SK-MEL-30 PI3K 49.0 0.258029 0.0 0.038942000000000004 0.3343990000000001 0.234887 0.0 0.6308619999999998 0.0 0.47265900000000005 0.03878599999999999 0.5099349999999999 0.038953
14 IGR-37 Zero 49.0 0.5412989999999998 0.32952499999999996 0.05297600000000001 0.24431699999999995 0.4312149999999998 0.3890559999999999 0.8295739999999998 0.3909439999999999 0.6265619999999996 0.05379199999999999 0.5511290000000001 0.05320099999999999
14 IGR-37 BRAF 49.0 0.531987 0.3267599999999999 0.0 0.23294600000000001 0.4387429999999999 0.388731 0.847279 0.3913439999999999 0.609237 0.0 0.5329219999999999 0.0
13 SK-MEL-30 p53 49.0 0.479208 0.363939 0.0068189999999999995 0.0 0.8167289999999999 0.7120040000000001 0.9234800000000001 0.7103619999999999 0.47576000000000007 0.005148 0.5068900000000001 0.006672999999999999
14 IGR-37 PI3K 49.0 0.44996400000000003 0.0 0.18946299999999994 0.23241299999999998 0.024945999999999996 0.0 0.6941160000000001 0.0 0.626347 0.18818900000000002 0.5534360000000002 0.18906999999999996
14 IGR-37 p53 49.0 0.5933620000000001 0.4300649999999999 0.025151999999999997 0.0 0.520455 0.5088759999999999 0.84643 0.508801 0.628401 0.027881999999999997 0.552345 0.026593
15 HMV-II Zero 49.5 0.5116549999999996 0.229171 0.033212 0.2561770000000001 0.9020899999999997 0.7846449999999998 0.8914109999999997 0.414188 0.5824559999999999 0.026036 0.5092289999999998 0.027007
15 HMV-II BRAF 49.5 0.5092409999999999 0.220503 0.0 0.2728610000000001 0.8956829999999997 0.766434 0.8771319999999997 0.407398 0.5834479999999997 0.0 0.5101049999999999 0.0
16 IGR-1 Zero 49.0 0.11084000000000004 0.086123 0.013791 0.23831400000000003 0.4086809999999998 0.3826479999999999 0.4794969999999998 0.370949 0.13466200000000011 0.011765000000000001 0.1391850000000001 0.013149
16 IGR-1 BRAF 49.0 0.106887 0.081528 0.0 0.237583 0.40613999999999995 0.380151 0.47198699999999993 0.367618 0.12605599999999997 0.0 0.13136799999999998 0.0
15 HMV-II PI3K 49.5 0.2995789999999999 0.0036119999999999993 0.22782800000000006 0.267182 0.35665099999999983 0.009925 0.4248949999999997 0.0057870000000000005 0.6097950000000005 0.17695400000000003 0.5340110000000003 0.18384899999999996
16 IGR-1 PI3K 49.0 0.043001 0.0 0.053113 0.24176299999999998 0.006449 0.0 0.06883999999999998 0.0 0.14022400000000002 0.05093 0.14561700000000002 0.054636000000000004
15 HMV-II p53 49.5 0.5928169999999999 0.280688 0.0 0.0 0.9998020000000001 0.9988020000000001 0.9994020000000001 0.529007 0.566598 0.0 0.49856999999999996 0.0
16 IGR-1 p53 49.0 0.130299 0.10234299999999999 0.0027140000000000003 0.0 0.4979189999999999 0.4917499999999999 0.535032 0.474707 0.12750600000000004 0.00158 0.13194300000000003 0.00279
17 SW837 Zero 49.0 0.35629699999999975 0.20506599999999997 0.2324670000000001 0.7153990000000002 0.7903409999999996 0.5656299999999999 0.8515509999999996 0.4695700000000001 0.5139929999999999 0.199758 0.3882489999999998 0.20103200000000002
17 SW837 BRAF 49.0 0.28481399999999996 0.165863 0.0 0.7184 0.7881060000000001 0.5605549999999999 0.8492859999999999 0.4692030000000001 0.35917299999999996 0.0 0.28158200000000005 0.0
17 SW837 PI3K 49.0 0.3145119999999999 0.045318999999999984 0.46569199999999994 0.7225979999999999 0.47622599999999987 0.11603399999999998 0.6152120000000001 0.10023599999999999 0.6398489999999999 0.39772500000000005 0.5185259999999998 0.4023939999999999
18 GP2d Zero 49.0 0.45640300000000006 0.22816399999999998 0.5010820000000001 0.5333470000000003 0.299758 0.329986 0.5105070000000003 0.25435299999999994 0.8101350000000002 0.48473099999999997 0.800414 0.4819250000000001
17 SW837 p53 49.0 0.44266399999999995 0.34427399999999997 0.075283 0.0 0.9909070000000002 0.9679640000000003 0.9938410000000001 0.8065870000000002 0.436768 0.083492 0.308784 0.07972599999999999
18 GP2d BRAF 49.0 0.367643 0.227757 0.0 0.5413659999999999 0.30621800000000005 0.33872899999999995 0.511743 0.259707 0.7970889999999998 0.0 0.797931 0.0
19 HT-29 Zero 49.0 0.23382800000000006 0.13369299999999998 0.32915399999999984 0.4180979999999997 0.6345110000000002 0.6863010000000004 0.7195950000000001 0.6078470000000001 0.4649329999999998 0.314531 0.4742609999999999 0.3246779999999999
18 GP2d PI3K 49.0 0.434876 0.0 0.7514569999999999 0.536182 0.0 0.0 0.20433100000000004 0.0 0.8004700000000001 0.7111480000000001 0.794193 0.7174360000000001
19 HT-29 BRAF 49.0 0.13291100000000003 0.10226700000000002 0.0 0.43089200000000005 0.6223109999999997 0.6727929999999999 0.7126879999999997 0.5964609999999998 0.18282800000000005 0.0 0.18945300000000007 0.0
18 GP2d p53 49.0 0.799372 0.4483940000000001 0.2851979999999999 0.16190600000000002 0.5676050000000001 0.6138260000000003 0.7741549999999998 0.4962310000000002 0.814907 0.280416 0.8074959999999999 0.277143
19 HT-29 PI3K 49.0 0.40273999999999993 0.04986500000000001 0.6137099999999998 0.42164999999999997 0.23967499999999997 0.253374 0.32393999999999984 0.24103099999999994 0.7073509999999997 0.5775769999999998 0.7198690000000001 0.5992489999999996
20 SK-MEL-28 Zero 49.0 0.03696000000000001 0.016941 0.018531999999999996 0.6963999999999997 0.21826700000000002 0.21814200000000003 0.2786269999999999 0.10982700000000001 0.15923600000000004 0.011969000000000002 0.10621599999999999 0.012937000000000002
19 HT-29 p53 49.0 0.33163900000000013 0.18259600000000004 0.15318000000000004 0.012838000000000004 0.8631859999999999 0.9474920000000001 0.9616629999999997 0.8208109999999996 0.3184980000000001 0.15976900000000005 0.318366 0.15826100000000007
20 SK-MEL-28 BRAF 49.0 0.028138 0.013366 0.0 0.698399 0.209771 0.208928 0.292006 0.11549499999999999 0.15899300000000002 0.0 0.09924900000000002 0.0
20 SK-MEL-28 PI3K 49.0 0.019313000000000007 0.0 0.024583 0.6951989999999999 0.0 0.0 0.18590900000000002 0.0 0.159311 0.016151000000000002 0.10142499999999993 0.016347
21 GAK Zero 49.5 0.017008999999999996 0.005774999999999999 0.040103 0.49018899999999965 0.8161739999999996 0.356283 0.6189149999999994 0.268291 0.036699999999999997 0.012084 0.04625399999999999 0.015264999999999997
20 SK-MEL-28 p53 49.0 0.09811200000000003 0.061844 0.0035680000000000004 0.0 0.7162649999999997 0.7117459999999999 0.49483699999999997 0.38542200000000004 0.150195 0.00268 0.10114700000000004 0.002608
21 GAK BRAF 49.5 0.017182999999999997 0.006495 0.0 0.48574999999999996 0.798986 0.3555689999999999 0.6162239999999999 0.27208699999999986 0.025478999999999998 0.0 0.03652500000000001 0.0
21 GAK PI3K 49.5 0.033826 0.0 0.12381899999999998 0.49227999999999994 0.552534 0.0 0.409512 0.0 0.07912399999999999 0.046642 0.080437 0.052389
22 IST-MEL1 Zero 49.5 0.42951399999999984 0.3038389999999999 0.28265299999999993 0.5269989999999998 0.5737809999999998 0.46089399999999997 0.7055459999999998 0.45844599999999996 0.7231399999999997 0.277286 0.6970889999999997 0.281133
21 GAK p53 49.5 0.024132 0.014483 0.0 0.0 0.8964949999999999 0.6726650000000003 0.68442 0.504615 0.027724 0.0 0.037228 0.0
22 IST-MEL1 BRAF 49.5 0.4267789999999999 0.299568 0.0 0.5462 0.5592719999999998 0.44566499999999987 0.70424 0.4445159999999999 0.7022479999999999 0.0 0.6699489999999999 0.0
23 COLO-800 Zero 49.0 0.04457099999999999 0.026148999999999995 0.008689000000000002 0.38053299999999957 0.29501800000000006 0.26245100000000005 0.3866119999999997 0.257066 0.10500700000000004 0.006638 0.09616900000000002 0.00674
22 IST-MEL1 PI3K 49.5 0.36545600000000006 0.0 0.5695030000000001 0.5407980000000002 0.13285099999999997 0.0 0.32591499999999995 0.0 0.7405100000000002 0.5481960000000002 0.7167240000000001 0.55923
23 COLO-800 BRAF 49.0 0.046511000000000004 0.027657000000000004 0.0 0.3745110000000001 0.29941900000000005 0.2697110000000001 0.39252200000000015 0.26463999999999993 0.110016 0.0 0.09534200000000002 0.0
22 IST-MEL1 p53 49.5 0.7157629999999997 0.6477449999999997 0.012296 0.0 0.9891969999999997 0.9727809999999997 0.9969519999999995 0.9721809999999996 0.700651 0.013478 0.6743119999999999 0.013184999999999999
23 COLO-800 PI3K 49.0 0.007205999999999999 0.0 0.011442 0.36912599999999995 0.0064 0.0 0.07765400000000001 0.0 0.11320699999999999 0.008788000000000002 0.09455699999999999 0.009051
24 T84 Zero 49.0 0.30452199999999985 0.12050900000000002 0.14331299999999997 0.359464 0.42265500000000006 0.5512980000000003 0.648542 0.2485409999999999 0.46323200000000003 0.11465800000000001 0.5855090000000001 0.136509
23 COLO-800 p53 49.0 0.070387 0.04094999999999999 0.006311000000000001 0.0 0.4424020000000001 0.424993 0.501875 0.41020100000000004 0.102232 0.004242 0.088215 0.004763000000000001
24 T84 BRAF 49.0 0.29750599999999994 0.12359800000000003 0.0 0.3609289999999999 0.42266999999999993 0.545498 0.6545840000000003 0.24333499999999994 0.4422560000000002 0.0 0.571156 0.0
25 LS-123 Zero 49.0 0.06233099999999999 0.034751 0.017514 0.2764159999999999 0.23277199999999998 0.229326 0.24745200000000003 0.19864599999999996 0.16411700000000004 0.018276000000000004 0.16203900000000002 0.018553
24 T84 PI3K 49.0 0.155688 0.0 0.28481900000000004 0.3665630000000001 0.0 0.0 0.018039000000000003 0.0 0.467314 0.23915299999999998 0.583018 0.27208000000000004
25 LS-123 BRAF 49.0 0.05246499999999999 0.038652 0.0 0.269209 0.227276 0.22499100000000002 0.24020799999999995 0.194558 0.159447 0.0 0.15623 0.0
24 T84 p53 49.0 0.45588499999999993 0.185283 0.050078000000000004 0.0 0.6593849999999999 0.8403100000000001 0.915227 0.38584299999999994 0.44024799999999986 0.038409 0.5745929999999997 0.04790200000000001
25 LS-123 PI3K 49.0 0.021573 0.0 0.030012000000000004 0.276211 0.0 0.0 0.004366999999999999 0.0 0.161623 0.027867999999999997 0.15965699999999994 0.029656000000000002
25 LS-123 p53 49.0 0.086868 0.054317 0.015612999999999998 0.0 0.31993999999999995 0.31692099999999995 0.3322 0.27695699999999995 0.16156200000000004 0.015177 0.16026900000000005 0.015957
26 HT55 Zero 49.0 0.6338319999999996 0.24454999999999996 0.333906 0.2932020000000001 0.387902 0.788369 0.7991169999999997 0.30501700000000004 0.8198089999999998 0.3208589999999999 0.8236209999999998 0.32015799999999994
26 HT55 BRAF 49.0 0.6212409999999998 0.25340899999999994 0.0 0.29878899999999997 0.3913419999999999 0.7892179999999999 0.7988359999999999 0.3073439999999999 0.8139770000000001 0.0 0.8207620000000001 0.0
27 SW403 Zero 49.0 0.031090000000000007 0.003143 0.027332000000000006 0.4098010000000002 0.684621 0.8191529999999997 0.8257949999999997 0.177012 0.04181299999999998 0.008476999999999998 0.031613999999999996 0.009769
26 HT55 PI3K 49.0 0.5350709999999999 0.13820800000000008 0.4386919999999999 0.2953709999999998 0.22348100000000015 0.43092699999999984 0.4561229999999995 0.1743330000000001 0.8160259999999997 0.40648999999999985 0.8190159999999997 0.4130309999999998
27 SW403 BRAF 49.0 0.024702999999999996 0.004179 0.0 0.406865 0.673141 0.805983 0.8168420000000001 0.18080400000000002 0.027073999999999994 0.0 0.018457999999999995 0.0
26 HT55 p53 49.0 0.805626 0.296636 0.28226499999999993 0.001762 0.465318 0.93639 0.9442849999999998 0.360786 0.8237549999999999 0.2725479999999999 0.8283190000000001 0.27159099999999997
27 SW403 PI3K 49.0 0.03386400000000001 0.0016579999999999998 0.05558599999999999 0.40042700000000003 0.486403 0.582983 0.5996039999999999 0.13414500000000004 0.07263499999999998 0.019439000000000005 0.054151000000000005 0.025710999999999994
27 SW403 p53 49.0 0.048273 0.00347 0.019141 0.0014000000000000002 0.7614700000000002 0.9253490000000001 0.9298580000000001 0.19397899999999998 0.045569000000000005 0.008008 0.03443500000000001 0.009424
28 DiFi Zero 49.0 0.4406319999999999 0.34187400000000007 0.278743 0.3764739999999999 0.5373239999999999 0.5840799999999999 0.6035099999999997 0.49420600000000003 0.6975849999999997 0.237946 0.5733429999999998 0.23121600000000003
28 DiFi BRAF 49.0 0.43194799999999994 0.33846400000000004 0.0 0.38427 0.537 0.5783659999999998 0.6013709999999998 0.49212199999999995 0.678892 0.0 0.5533869999999999 0.0
29 MEL-HO Zero 49.0 0.07684500000000001 0.046331000000000004 0.010783000000000001 0.36821200000000004 0.5791170000000001 0.32793199999999995 0.9119170000000003 0.32891399999999993 0.08866900000000001 0.006810999999999999 0.12929300000000005 0.010405000000000001
29 MEL-HO BRAF 49.0 0.081017 0.047581000000000005 0.0 0.3747890000000001 0.5809310000000001 0.321826 0.9191659999999999 0.32150699999999993 0.09014699999999999 0.0 0.13271599999999997 0.0
28 DiFi PI3K 49.0 0.3410039999999999 0.0 0.645337 0.371839 0.0 0.0 0.0054579999999999984 0.0 0.709432 0.539075 0.5827570000000001 0.5426190000000001
29 MEL-HO PI3K 49.0 0.057853999999999996 0.0 0.040283 0.3612099999999999 0.3109120000000001 0.0 0.844829 0.0 0.08699400000000002 0.021713999999999997 0.126418 0.03540600000000001
29 MEL-HO p53 49.0 0.09660200000000002 0.070782 0.0006 0.0 0.6895760000000001 0.52479 0.9313440000000001 0.5243470000000001 0.08823200000000002 0.0007369999999999999 0.13798900000000006 0.0007999999999999999
28 DiFi p53 49.0 0.6991739999999999 0.5795189999999999 0.03826899999999998 0.0022 0.888437 0.9371730000000001 0.9668410000000001 0.848567 0.6792619999999996 0.030135999999999996 0.566325 0.029258999999999997
30 CCK-81 Zero 49.0 0.22819100000000006 0.10192100000000001 0.33815300000000004 0.5637789999999999 0.2530110000000001 0.28065000000000007 0.3087540000000001 0.17728100000000002 0.5408850000000001 0.27689600000000014 0.4864310000000002 0.2828480000000001
30 CCK-81 BRAF 49.0 0.20360899999999998 0.10881100000000002 0.0 0.5573999999999999 0.266849 0.29519599999999996 0.32380899999999996 0.193767 0.529103 0.0 0.48222400000000004 0.0
30 CCK-81 PI3K 49.0 0.17585700000000004 0.0 0.4971269999999999 0.570959 0.0 0.0 0.000399 0.0 0.5570919999999999 0.4077549999999999 0.49623899999999993 0.414701
31 SK-MEL-24 Zero 49.0 0.058881 0.043289 0.008039 0.129158 0.7509729999999997 0.7167219999999999 0.8307209999999997 0.7155769999999999 0.08449200000000003 0.00569 0.09906900000000002 0.008425
31 SK-MEL-24 BRAF 49.0 0.056989 0.044649 0.0 0.1225 0.7616140000000001 0.7268860000000001 0.8351680000000005 0.7271130000000002 0.061445999999999994 0.0 0.070247 0.0
30 CCK-81 p53 49.0 0.5345010000000002 0.29435799999999995 0.10473600000000007 0.002549 0.6320969999999997 0.6744459999999999 0.7376700000000004 0.5067869999999999 0.5265909999999999 0.08821899999999999 0.4749299999999999 0.08399900000000003
31 SK-MEL-24 PI3K 49.0 0.03809699999999999 0.0 0.058531 0.12315100000000001 0.0014 0.0 0.06127399999999998 0.0 0.21538100000000004 0.036270999999999984 0.240861 0.05924499999999999
31 SK-MEL-24 p53 49.0 0.06483699999999999 0.048574 0.002074 0.0 0.8480280000000001 0.8186930000000003 0.8972010000000001 0.8171330000000002 0.059532999999999996 0.00042199999999999996 0.070222 0.00109
32 RVH-421 Zero 49.5 0.15896400000000002 0.094959 0.09004399999999999 0.5768 0.6318419999999999 0.4255990000000001 0.6484279999999998 0.4223990000000001 0.28636800000000007 0.07405400000000001 0.20138899999999993 0.074684
32 RVH-421 BRAF 49.5 0.15618600000000007 0.08101900000000002 0.0 0.5802009999999999 0.624717 0.42217699999999997 0.6411839999999999 0.42205399999999993 0.22513900000000006 0.0 0.14997400000000002 0.0
32 RVH-421 PI3K 49.5 0.128693 0.0 0.180343 0.577798 0.24560900000000002 0.0 0.26674000000000003 0.0 0.345556 0.14478600000000003 0.23612900000000006 0.14824600000000002
33 WT Zero 49.0 0.22953099999999999 0.13200800000000001 0.18926799999999996 0.5002 0.3648159999999998 0.3611849999999996 0.4099909999999999 0.31921299999999986 0.4695779999999998 0.15914499999999998 0.4508009999999998 0.16929700000000003
32 RVH-421 p53 49.5 0.256679 0.212726 0.0 0.0 0.999798 0.9987980000000001 0.9927989999999999 0.99102 0.24206500000000003 0.0 0.166909 0.0
33 WT BRAF 49.0 0.22380500000000006 0.13018800000000003 0.0 0.49880099999999994 0.37046899999999994 0.370239 0.42134099999999997 0.3228919999999999 0.43041099999999993 0.0 0.431376 0.0
34 SNU-81 Zero 49.0 0.6248009999999996 0.450482 0.08047999999999998 0.4134 0.5984969999999997 0.6084659999999998 0.9194149999999995 0.49997600000000003 0.8855589999999995 0.07889700000000002 0.6596889999999995 0.07849699999999998
34 SNU-81 BRAF 49.0 0.6271539999999999 0.4565670000000001 0.0 0.40240399999999993 0.606107 0.615309 0.9205279999999998 0.5171809999999999 0.8751239999999997 0.0 0.6645519999999998 0.0
33 WT PI3K 49.0 0.131585 0.0 0.35593299999999994 0.507 0.0 0.0 0.0 0.0 0.48842900000000006 0.28061200000000003 0.46966199999999997 0.3097810000000001
34 SNU-81 PI3K 49.0 0.5464129999999999 0.19164900000000004 0.17856699999999995 0.40199700000000005 0.24449199999999996 0.24207699999999996 0.80309 0.21646800000000002 0.866388 0.17271399999999998 0.6524360000000002 0.17521699999999998
34 SNU-81 p53 49.0 0.8823400000000005 0.6272150000000001 0.005509999999999999 0.0 0.8429330000000003 0.8552290000000005 0.9786770000000004 0.699798 0.8724720000000004 0.005717 0.6527280000000002 0.005274999999999999
33 WT p53 49.0 0.4539430000000003 0.267441 0.049930999999999975 0.0 0.7294509999999997 0.7289189999999997 0.8221770000000002 0.6362279999999998 0.43029799999999996 0.031462999999999984 0.4341890000000001 0.041247999999999986
35 SNU-61 Zero 49.0 0.06380000000000001 0.041852999999999994 0.08963600000000002 0.4952 0.396636 0.40858999999999995 0.52145 0.35170799999999997 0.1649330000000002 0.05955 0.15574000000000013 0.063113
35 SNU-61 BRAF 49.0 0.058779 0.03694000000000001 0.0 0.4979989999999999 0.39311899999999994 0.4072839999999999 0.525968 0.34610799999999997 0.11158599999999999 0.0 0.11028900000000001 0.0
35 SNU-61 PI3K 49.0 0.05807500000000001 0.0 0.16153499999999998 0.4860000000000001 0.0 0.0 0.125691 0.0 0.19567999999999994 0.10474800000000002 0.18149199999999996 0.11358400000000002
36 SW48 Zero 49.0 0.2656360000000001 0.176958 0.5261439999999997 0.556653 0.451734 0.4546590000000001 0.47252900000000025 0.4205200000000001 0.6408119999999999 0.4864260000000001 0.7109920000000001 0.5220109999999997
36 SW48 BRAF 49.0 0.20586900000000005 0.171135 0.0 0.5614350000000002 0.47339599999999993 0.4751819999999999 0.49451699999999993 0.448716 0.3805059999999999 0.0 0.4611299999999999 0.0
35 SNU-61 p53 49.0 0.125991 0.078908 0.012153000000000002 0.0 0.7940780000000002 0.8169250000000002 0.9314470000000001 0.7140110000000001 0.11781200000000001 0.0061649999999999995 0.11657600000000001 0.007104000000000001
36 SW48 PI3K 49.0 0.358088 0.005142999999999998 0.8414969999999997 0.5733669999999995 0.010768999999999999 0.010467 0.016171999999999992 0.011321999999999999 0.8119999999999996 0.7692759999999997 0.8770059999999993 0.8263519999999998
37 SNU-407 Zero 49.0 0.15903200000000006 0.07496400000000003 0.293625 0.5758969999999997 0.18916399999999997 0.254628 0.2658529999999998 0.16672000000000003 0.32027599999999984 0.167519 0.3871599999999998 0.20328099999999996
36 SW48 p53 49.0 0.519203 0.336616 0.24363600000000005 0.07360100000000003 0.8353519999999998 0.8474509999999996 0.8542499999999996 0.7655250000000001 0.502027 0.241483 0.5664289999999995 0.24779500000000002
37 SNU-407 BRAF 49.0 0.135021 0.08070800000000002 0.0 0.5769219999999999 0.19192299999999998 0.257808 0.26420199999999994 0.16889200000000001 0.3243179999999998 0.0 0.38995599999999986 0.0
37 SNU-407 PI3K 49.0 0.136465 0.0 0.41920900000000005 0.5623459999999999 0.0 0.0 0.0 0.0 0.316524 0.24075999999999997 0.38223000000000007 0.29415
38 LS-513 Zero 49.0 0.028741999999999986 0.008954000000000002 0.1725180000000001 0.44475299999999984 0.3758319999999999 0.46088799999999985 0.455049 0.346702 0.068295 0.025920999999999993 0.06508499999999998 0.034819
37 SNU-407 p53 49.0 0.29651999999999984 0.165039 0.15156099999999995 0.165257 0.39456600000000003 0.5058309999999999 0.5210189999999998 0.355965 0.31158199999999986 0.085023 0.38440699999999983 0.10438799999999998
38 LS-513 BRAF 49.0 0.026048999999999996 0.010876000000000002 0.0 0.446798 0.39469499999999985 0.48419799999999985 0.48008099999999987 0.36246299999999987 0.04601800000000001 0.0 0.041783000000000015 0.0
38 LS-513 PI3K 49.0 0.025922999999999995 0.000293 0.311509 0.4374009999999998 0.010339000000000001 0.010646000000000001 0.013349999999999999 0.010671 0.08732599999999997 0.040987 0.08564799999999999 0.057699999999999994
39 C2BBe1 Zero 49.5 0.8593989999999997 0.5803449999999999 0.37039999999999984 0.18887100000000007 0.656625 0.8821720000000002 0.9644579999999996 0.6334400000000002 0.9300079999999994 0.37202199999999985 0.8597479999999997 0.36738799999999977
38 LS-513 p53 49.0 0.061766999999999996 0.020555 0.07251200000000001 0.0 0.6619600000000002 0.7918270000000003 0.7748300000000001 0.6153660000000001 0.05879 0.008566 0.051332 0.010152000000000001
39 C2BBe1 BRAF 49.0 0.8582630000000002 0.5876960000000001 0.0 0.18990300000000002 0.6643270000000001 0.8892690000000004 0.9632720000000004 0.639595 0.933984 0.0 0.8708200000000001 0.0
40 VMRC-MELG Zero 49.0 0.3418019999999999 0.195322 0.061047 0.4024 0.831136 0.7127660000000001 0.875324 0.4964449999999999 0.4608859999999999 0.055845 0.42963700000000005 0.058051000000000005
39 C2BBe1 PI3K 49.0 0.7398169999999997 0.16909699999999997 0.6119949999999996 0.187769 0.18461700000000006 0.24567300000000003 0.5898939999999999 0.18299400000000007 0.940045 0.5942890000000002 0.8692340000000001 0.5905469999999999
39 C2BBe1 p53 49.5 0.9442669999999995 0.6352149999999998 0.34685099999999996 0.0 0.7232009999999999 0.9627129999999997 0.9923969999999995 0.6894749999999997 0.9357949999999995 0.35040199999999994 0.8687629999999996 0.34321900000000005
40 VMRC-MELG BRAF 49.0 0.34277799999999986 0.20105999999999996 0.0 0.4045999999999999 0.8363409999999994 0.7150699999999994 0.871201 0.505568 0.4178199999999997 0.0 0.38257399999999975 0.0
41 COLO-792 Zero 49.0 0.1750780000000001 0.099282 0.004016 0.11260099999999999 0.4616309999999999 0.4392789999999999 0.751743 0.425003 0.23908000000000007 0.004404999999999999 0.20512900000000003 0.0040680000000000004
40 VMRC-MELG PI3K 49.0 0.24488400000000002 0.0035780000000000005 0.29185000000000005 0.4092009999999998 0.17606100000000008 0.016601 0.2733409999999998 0.011210000000000001 0.6306410000000002 0.2712449999999999 0.5841290000000005 0.280663
41 COLO-792 BRAF 49.0 0.17004000000000002 0.09972 0.0 0.096602 0.47400999999999993 0.4481769999999998 0.7559249999999997 0.43103899999999995 0.235634 0.0 0.20259800000000006 0.0
40 VMRC-MELG p53 49.0 0.4069450000000001 0.252496 0.0 0.0 0.9854349999999997 0.9663689999999998 0.9908149999999997 0.6690299999999999 0.408345 0.0 0.378699 0.0
41 COLO-792 PI3K 49.0 0.10163099999999999 0.0 0.010625999999999998 0.10999900000000003 0.0046 0.0 0.5018819999999998 0.0 0.22206399999999998 0.009696000000000001 0.18950099999999998 0.008613
41 COLO-792 p53 49.0 0.182027 0.107073 0.002406 0.0 0.509719 0.48479099999999997 0.7637909999999999 0.465174 0.23105400000000004 0.003432 0.19963400000000006 0.002685
42 SNU-C2B Zero 49.0 0.7286229999999994 0.6609879999999997 0.288111 0.7740109999999996 0.6880759999999997 0.6880349999999998 0.7774369999999995 0.6842749999999997 0.9606149999999991 0.284863 0.9504929999999991 0.285963
42 SNU-C2B BRAF 49.0 0.7110740000000001 0.6615780000000001 0.0 0.7603710000000004 0.695468 0.696132 0.7778810000000002 0.6883790000000001 0.961856 0.0 0.9567430000000001 0.0
42 SNU-C2B PI3K 49.0 0.5381279999999995 0.3650969999999999 0.4935679999999998 0.7580249999999998 0.37205099999999985 0.36952099999999993 0.4778049999999999 0.3758759999999999 0.9608119999999993 0.4836909999999998 0.9526309999999996 0.4879439999999999
43 LIM1215 Zero 49.0 0.4964449999999999 0.24321100000000004 0.035902 0.301937 0.622567 0.653978 0.6580639999999996 0.35733200000000004 0.7017159999999998 0.03597099999999999 0.4708950000000001 0.034625
42 SNU-C2B p53 49.0 0.9424180000000004 0.8093730000000001 0.17839900000000006 0.20846500000000004 0.8723640000000003 0.8813230000000002 0.9138670000000003 0.8451830000000001 0.9590700000000002 0.18566700000000005 0.9522570000000002 0.181697
43 LIM1215 BRAF 49.0 0.49797599999999986 0.24260500000000002 0.0 0.30612200000000006 0.6201259999999998 0.651204 0.655289 0.35117499999999996 0.7082639999999998 0.0 0.47478799999999993 0.0
44 CL-11 Zero 49.0 0.17630200000000004 0.08671000000000001 0.08523600000000002 0.48100100000000007 0.315451 0.258394 0.6846649999999997 0.25584699999999994 0.34792099999999987 0.07541000000000002 0.3295339999999999 0.07777500000000001
43 LIM1215 PI3K 49.0 0.16843000000000002 0.06777200000000001 0.108306 0.312755 0.10926699999999999 0.108139 0.12246699999999998 0.093759 0.714913 0.099644 0.4684989999999998 0.099781
44 CL-11 BRAF 49.0 0.17881899999999998 0.09742900000000002 0.0 0.4870999999999999 0.30962500000000004 0.254094 0.6931339999999999 0.25212500000000004 0.3631810000000001 0.0 0.336367 0.0
43 LIM1215 p53 49.0 0.6618049999999998 0.370155 0.008746 0.03891800000000001 0.8445630000000003 0.8667980000000003 0.8745790000000003 0.5397959999999999 0.6890669999999998 0.008552 0.458484 0.008423
44 CL-11 PI3K 49.0 0.13157900000000006 0.0 0.12128000000000001 0.49140000000000006 0.040938 0.0 0.5269820000000001 0.0 0.343515 0.10485999999999998 0.322156 0.10939499999999999
44 CL-11 p53 49.0 0.31137799999999993 0.17842500000000003 0.050565999999999986 0.0 0.5604250000000001 0.5030380000000001 0.7974739999999998 0.49636100000000005 0.3451859999999998 0.04432399999999999 0.3241419999999997 0.044807
45 CaR-1 Zero 49.0 0.4234139999999999 0.377577 0.4239539999999999 0.5805140000000001 0.520885 0.5029109999999999 0.6816719999999997 0.4955959999999999 0.8143039999999998 0.3825059999999999 0.8751889999999997 0.41511099999999984
45 CaR-1 BRAF 49.0 0.4363649999999998 0.39004399999999984 0.0 0.571871 0.5423999999999998 0.522033 0.7079540000000001 0.5170469999999998 0.7603599999999998 0.0 0.821234 0.0
46 COLO-205 Zero 49.0 0.09669300000000002 0.014339000000000001 0.281342 0.7218119999999996 0.2773150000000001 0.6509329999999999 0.6998989999999998 0.205791 0.2931180000000001 0.20547800000000002 0.35414999999999985 0.260038
45 CaR-1 PI3K 49.0 0.360843 0.0 0.8856940000000002 0.5622010000000001 0.0 0.0 0.15700399999999998 0.0 0.8560950000000002 0.811067 0.9109670000000003 0.8689070000000001
46 COLO-205 BRAF 49.0 0.04513699999999999 0.018005 0.0 0.7193649999999999 0.283869 0.6749499999999998 0.7282229999999997 0.22031600000000004 0.09229400000000001 0.0 0.120301 0.0
45 CaR-1 p53 49.0 0.7880279999999998 0.7357309999999999 0.004777 0.0 0.9886659999999998 0.9817709999999998 0.9974639999999997 0.973196 0.7718889999999999 0.003071 0.8388119999999999 0.004785
46 COLO-205 PI3K 49.0 0.10344799999999997 0.011521 0.312158 0.7248699999999995 0.191039 0.43295700000000004 0.498133 0.14065 0.3293770000000001 0.23608299999999993 0.3881490000000002 0.2893079999999999
47 SW626 Zero 49.0 0.26390700000000006 0.16541200000000003 0.27017499999999994 0.5823980000000001 0.46901400000000004 0.5178849999999998 0.6812249999999997 0.41748399999999997 0.45860699999999993 0.23919499999999994 0.5241539999999998 0.26902699999999996
46 COLO-205 p53 49.0 0.2612610000000001 0.020075000000000003 0.22426200000000002 0.016298999999999998 0.41559800000000013 0.9645389999999999 0.9743749999999998 0.2999010000000001 0.2621879999999999 0.17606900000000003 0.30928800000000006 0.21304500000000007
47 SW626 BRAF 49.0 0.24943300000000004 0.16676800000000003 0.0 0.584 0.48439299999999996 0.5316560000000001 0.702534 0.4327370000000001 0.38370499999999985 0.0 0.464496 0.0
48 COLO-678 Zero 49.0 0.260016 0.21950200000000009 0.2986449999999999 0.5057779999999996 0.5448689999999996 0.5482859999999996 0.9363909999999994 0.5539339999999996 0.4309589999999997 0.17274900000000007 0.6954239999999996 0.26933099999999993
47 SW626 PI3K 49.0 0.18436500000000006 0.004801000000000001 0.46478800000000003 0.5923989999999998 0.012091000000000003 0.012500000000000002 0.18528100000000008 0.011600000000000004 0.504098 0.4073740000000001 0.5661229999999997 0.462106
48 COLO-678 BRAF 49.0 0.2631189999999999 0.21909300000000004 0.0 0.49978300000000003 0.556737 0.5630379999999999 0.9329719999999998 0.56676 0.401118 0.0 0.6913240000000002 0.0
47 SW626 p53 49.0 0.43307599999999985 0.2727199999999998 0.13313599999999998 0.0 0.7637300000000001 0.868478 0.9215959999999999 0.6771529999999999 0.42055899999999996 0.12090399999999997 0.48894199999999993 0.13512400000000002
48 COLO-678 PI3K 49.0 0.22421800000000003 0.0 0.7110000000000002 0.507122 0.0 0.0 0.6339720000000002 0.0 0.45817900000000006 0.409855 0.7090710000000005 0.6532940000000003
49 CP67-MEL Zero 49.5 0.742004 0.6522849999999999 0.08514300000000002 0.14071699999999998 0.9455039999999997 0.8890539999999997 0.9900699999999997 0.8909329999999995 0.773188 0.09175400000000003 0.7930379999999999 0.08805900000000001
48 COLO-678 p53 49.0 0.4224570000000001 0.350694 0.028765000000000002 0.0 0.9054549999999999 0.9168499999999998 0.9954009999999995 0.9136549999999998 0.39308100000000007 0.012617 0.6965689999999998 0.026129000000000003
49 CP67-MEL BRAF 49.5 0.70477 0.626892 0.0 0.14467099999999994 0.9440910000000003 0.8931450000000001 0.9897540000000002 0.8958110000000002 0.740259 0.0 0.7685460000000002 0.0
49 CP67-MEL PI3K 49.5 0.4527349999999999 0.08156100000000004 0.3735340000000001 0.14778099999999997 0.26595099999999994 0.10643300000000003 0.7157859999999995 0.11086700000000003 0.8159489999999996 0.35572 0.8331829999999997 0.37167000000000006
50 SNU-283 Zero 49.0 0.5755849999999997 0.33020200000000005 0.08082799999999998 0.20437000000000005 0.8465409999999998 0.9077389999999996 0.9115829999999997 0.5676390000000001 0.5986629999999997 0.07262100000000002 0.5721379999999998 0.07188599999999999
49 CP67-MEL p53 49.5 0.7640439999999996 0.6891649999999998 0.07418800000000002 0.0 0.9707119999999999 0.9500109999999998 0.9940219999999997 0.948889 0.7620519999999997 0.08450000000000002 0.7891769999999999 0.07906100000000002
50 SNU-283 BRAF 49.0 0.5631450000000001 0.330264 0.0 0.20316700000000001 0.850879 0.9110780000000002 0.9159960000000001 0.5743599999999999 0.5919580000000001 0.0 0.5667470000000001 0.0
50 SNU-283 PI3K 49.0 0.5252449999999997 0.19284500000000004 0.3096039999999998 0.20418900000000006 0.4800169999999999 0.5028759999999999 0.5169039999999998 0.3361010000000001 0.6065249999999996 0.277147 0.5737269999999997 0.27760499999999994
51 OUMS-23 Zero 49.0 0.1512080000000001 0.03709 0.2581699999999999 0.19986800000000007 0.2373250000000002 0.6061409999999999 0.6128720000000001 0.21218900000000016 0.2284630000000002 0.1515140000000001 0.29273799999999983 0.19643700000000006
50 SNU-283 p53 49.0 0.6057769999999999 0.339479 0.043956999999999996 0.011443000000000002 0.9075169999999999 0.967893 0.9699349999999999 0.5939419999999997 0.5877829999999999 0.04417400000000001 0.55999 0.04290500000000001
51 OUMS-23 BRAF 49.0 0.12044900000000004 0.0385 0.0 0.18771700000000008 0.24323299999999998 0.613324 0.6140789999999998 0.21626800000000007 0.19727800000000012 0.0 0.2708479999999999 0.0
52 G-361 Zero 49.0 0.34114799999999984 0.27801399999999993 0.15533100000000002 0.7357199999999997 0.412624 0.38154000000000005 0.9153129999999997 0.38921599999999995 0.5654719999999996 0.13810400000000003 0.5245579999999997 0.14260100000000003
51 OUMS-23 PI3K 49.0 0.122357 0.000821 0.352019 0.18992099999999995 0.007212 0.011937999999999999 0.016610000000000003 0.007036 0.24763500000000008 0.20719000000000004 0.3005280000000001 0.26441900000000007
52 G-361 BRAF 49.0 0.3229929999999999 0.27190899999999996 0.0 0.737589 0.41874900000000004 0.38459000000000004 0.9164509999999995 0.39518800000000004 0.545272 0.0 0.5089930000000001 0.0
52 G-361 PI3K 49.0 0.12731900000000002 0.0 0.335801 0.7330010000000002 0.0 0.0 0.6250190000000001 0.0 0.5586949999999999 0.31343699999999997 0.5185350000000001 0.311527
51 OUMS-23 p53 49.0 0.229165 0.043174000000000004 0.24085700000000002 0.0 0.27932199999999985 0.71018 0.713504 0.24719800000000003 0.22556200000000007 0.14251399999999997 0.28437799999999996 0.18199699999999994
52 G-361 p53 49.0 0.5772969999999998 0.45553999999999994 0.03890699999999998 0.0 0.6330699999999998 0.6202169999999999 0.9309369999999998 0.6231949999999998 0.5678159999999999 0.043122999999999995 0.5215349999999999 0.04090999999999999
53 IPC-298 Zero 49.0 0.2928740000000001 0.19660599999999998 0.017450999999999994 0.331506 0.5721749999999998 0.48348199999999997 0.6956279999999998 0.4797919999999999 0.376898 0.016127 0.26066900000000004 0.018010999999999996
53 IPC-298 BRAF 49.0 0.2818770000000001 0.196815 0.0 0.31395400000000007 0.5874949999999998 0.4940570000000001 0.6995569999999995 0.490391 0.36234500000000014 0.0 0.25043200000000004 0.0
54 UACC-62 Zero 49.0 0.024117000000000003 0.005209 0.056555999999999995 0.4410079999999998 0.12895600000000002 0.05052800000000001 0.17429999999999998 0.047341 0.075059 0.020453 0.14133300000000001 0.05059100000000002
53 IPC-298 PI3K 49.0 0.094352 0.0 0.04579400000000001 0.34158799999999995 0.04640400000000001 0.0 0.18180100000000005 0.0 0.37797399999999987 0.045196 0.25245899999999993 0.047244
54 UACC-62 BRAF 49.0 0.016205999999999998 0.006442999999999999 0.0 0.432475 0.14128500000000005 0.05746 0.17927900000000008 0.05254099999999999 0.065446 0.0 0.14791200000000004 0.0
53 IPC-298 p53 49.0 0.35952399999999984 0.27746699999999996 0.005645000000000002 0.0 0.7573440000000001 0.710667 0.8093430000000001 0.7005239999999999 0.375378 0.007523000000000001 0.2588009999999999 0.006577
54 UACC-62 PI3K 49.0 0.019617999999999997 0.0 0.072091 0.422541 0.06857900000000001 0.0 0.10635800000000002 0.0 0.08867300000000002 0.029621 0.158758 0.067611
54 UACC-62 p53 49.0 0.043032 0.010367000000000001 0.051609999999999996 0.0 0.17146599999999998 0.093168 0.20631999999999995 0.086415 0.075735 0.017693 0.152064 0.047138000000000006
55 SW948 Zero 49.0 0.474185 0.27380500000000013 0.32346600000000003 0.40748299999999993 0.5887389999999996 0.6033589999999995 0.7559709999999997 0.418407 0.6932969999999997 0.27442100000000014 0.6849329999999998 0.27993599999999996
55 SW948 BRAF 49.0 0.44812899999999983 0.27314499999999986 0.0 0.40289499999999995 0.5937130000000002 0.608913 0.7467940000000001 0.4249489999999999 0.6382819999999999 0.0 0.6348429999999999 0.0
56 NCI-H508 Zero 49.0 0.027030000000000002 0.001976 0.4409949999999999 0.4818019999999999 0.21340800000000007 0.45412799999999987 0.46236299999999986 0.13775400000000004 0.06579499999999999 0.044064 0.098872 0.07816400000000001
56 NCI-H508 BRAF 49.0 0.006683000000000001 0.0004 0.0 0.49200000000000005 0.21235400000000004 0.4450660000000001 0.45133700000000004 0.138914 0.014011 0.0 0.033641 0.0
55 SW948 PI3K 49.0 0.4730619999999999 0.006151 0.8042960000000001 0.404603 0.014280999999999999 0.014286999999999996 0.16277700000000012 0.010482 0.7776479999999998 0.7091230000000001 0.7565499999999998 0.7188439999999998
56 NCI-H508 PI3K 49.0 0.027301999999999996 0.0 0.5846219999999999 0.49279999999999996 0.0 0.0 0.0 0.0 0.08996800000000002 0.059052 0.12408500000000001 0.10365200000000001
55 SW948 p53 49.0 0.651831 0.40243300000000004 0.038139999999999986 0.0 0.9213689999999995 0.9453659999999996 0.9794929999999996 0.6448359999999996 0.639669 0.03186 0.6389590000000002 0.030295999999999997
56 NCI-H508 p53 49.0 0.05902900000000002 0.003192 0.29663500000000004 0.0 0.43002899999999994 0.871895 0.8849009999999998 0.282255 0.05868400000000001 0.034774 0.08420500000000003 0.06099400000000001
57 451Lu Zero 49.5 0.06369600000000002 0.019983000000000004 0.038729000000000006 0.3121949999999999 0.37847199999999975 0.28295899999999996 0.5963960000000003 0.22252800000000006 0.10162200000000005 0.031174999999999998 0.063047 0.031211000000000006
57 451Lu BRAF 49.5 0.04524399999999999 0.019735999999999997 0.0 0.307201 0.38729299999999994 0.29973600000000006 0.6099150000000001 0.23819599999999996 0.06375500000000003 0.0 0.036316 0.0
57 451Lu PI3K 49.5 0.076644 0.0 0.07667000000000002 0.31319900000000017 0.10883299999999999 0.0 0.5182039999999998 0.0 0.127738 0.053752 0.09007000000000001 0.05607099999999999
58 A101D Zero 49.0 0.226026 0.139832 0.16349400000000003 0.36526999999999993 0.4900859999999998 0.464988 0.8155110000000002 0.4535939999999999 0.3757609999999998 0.104044 0.518276 0.16051000000000007
57 451Lu p53 49.5 0.07519000000000006 0.026628000000000002 0.025425000000000003 0.0 0.5088429999999997 0.42540299999999975 0.6599650000000002 0.3430079999999998 0.08805400000000006 0.020047 0.05604299999999998 0.021144999999999997
58 A101D BRAF 49.0 0.188865 0.12508000000000002 0.0 0.36236700000000005 0.49627299999999996 0.47331400000000007 0.818557 0.46146600000000015 0.29743 0.0 0.462161 0.0
59 SNU-175 Zero 49.0 0.5635970000000002 0.34456099999999995 0.5928519999999998 0.5676590000000001 0.41800599999999993 0.423679 0.5795670000000003 0.3996409999999998 0.8802869999999999 0.5884320000000002 0.8684289999999997 0.5875760000000001
58 A101D PI3K 49.0 0.159886 0.0 0.33726600000000007 0.3552380000000001 0.0 0.0 0.47389799999999993 0.0 0.42065800000000003 0.20556400000000002 0.5683119999999999 0.334656
59 SNU-175 BRAF 49.0 0.44543599999999994 0.344229 0.0 0.5714209999999996 0.431074 0.43720600000000004 0.5865269999999998 0.4074180000000001 0.8312689999999998 0.0 0.8212709999999998 0.0
58 A101D p53 49.0 0.33102699999999974 0.20054500000000003 0.07311500000000003 0.0 0.7333260000000003 0.7142790000000003 0.8957130000000002 0.6926230000000002 0.3234969999999996 0.044820999999999986 0.48015099999999966 0.072524
59 SNU-175 PI3K 49.0 0.5285759999999999 0.09533700000000002 0.7473120000000002 0.5816119999999997 0.10816400000000002 0.10506300000000002 0.3163409999999998 0.11072000000000001 0.8942590000000002 0.7230200000000001 0.8793019999999999 0.7296060000000002
59 SNU-175 p53 49.0 0.8638649999999997 0.5602059999999999 0.47487999999999975 0.20349399999999995 0.6793689999999998 0.6899089999999997 0.7863279999999996 0.6436959999999999 0.8707339999999999 0.4723399999999998 0.8587329999999996 0.4697089999999998
60 COLO-783 Zero 49.0 0.584586 0.3100189999999999 0.14042299999999996 0.5790310000000001 0.7737430000000001 0.4097649999999997 0.8810550000000001 0.4130259999999998 0.7301489999999998 0.12817900000000004 0.7112269999999999 0.13214899999999996
60 COLO-783 BRAF 49.0 0.5784300000000001 0.31306200000000006 0.0 0.5768319999999999 0.7683709999999998 0.407796 0.8756089999999996 0.41202500000000003 0.7258989999999998 0.0 0.702651 0.0
61 UACC-257 Zero 49.0 0.051761 0.017402 0.07267799999999998 0.41910700000000006 0.30648199999999987 0.216506 0.4075210000000001 0.20927600000000007 0.1362470000000001 0.031341999999999995 0.22679600000000005 0.07224599999999999
61 UACC-257 BRAF 49.0 0.040969 0.019053 0.0 0.4248369999999999 0.309463 0.21300899999999998 0.4125000000000001 0.20374999999999996 0.09297599999999998 0.0 0.157277 0.0
60 COLO-783 PI3K 49.0 0.48880299999999993 0.0 0.3636709999999999 0.5798459999999999 0.450318 0.0 0.6298159999999998 0.0 0.7397279999999999 0.3410189999999999 0.7130809999999997 0.34872099999999995
61 UACC-257 PI3K 49.0 0.03999400000000001 0.0 0.10518099999999997 0.41243799999999997 0.07642599999999998 0.0 0.19748200000000005 0.0 0.16189700000000004 0.039895 0.266172 0.102928
60 COLO-783 p53 49.0 0.7612019999999999 0.684524 0.005258999999999999 0.0024890000000000003 0.9820229999999999 0.905272 0.9920019999999999 0.9050429999999998 0.7390239999999999 0.004410000000000001 0.7152909999999998 0.004315
61 UACC-257 p53 49.0 0.081654 0.031056 0.058555 0.0 0.42687899999999984 0.3685669999999999 0.5080419999999999 0.35289499999999996 0.12257299999999997 0.022613000000000005 0.21040799999999996 0.058411
62 LS-411N Zero 49.0 0.172116 0.089715 0.2761149999999999 0.4526389999999998 0.37722699999999987 0.44837699999999986 0.6219740000000001 0.35545399999999994 0.25920999999999983 0.11459900000000002 0.5686829999999999 0.25791799999999987
62 LS-411N BRAF 49.0 0.161945 0.09320900000000001 0.0 0.45219099999999995 0.369843 0.45053699999999997 0.620871 0.347776 0.245011 0.0 0.5649159999999999 0.0
63 COLO-679 Zero 49.0 0.10354500000000003 0.05320100000000002 0.12578599999999998 0.4218619999999999 0.40885100000000013 0.36700200000000005 0.7758519999999998 0.36626700000000006 0.21334100000000003 0.12115000000000002 0.17267400000000008 0.11976400000000002
63 COLO-679 BRAF 49.0 0.06934099999999999 0.044296999999999996 0.0 0.44855599999999995 0.3964409999999999 0.3544129999999999 0.7591290000000003 0.3521009999999999 0.119083 0.0 0.07994700000000002 0.0
62 LS-411N PI3K 49.0 0.139574 0.0 0.533378 0.45760499999999993 0.0 0.0 0.05003000000000001 0.0 0.28067 0.22753400000000001 0.5836679999999999 0.5076219999999999
63 COLO-679 PI3K 49.0 0.10097399999999998 0.0 0.22686900000000004 0.44041600000000003 0.000877 0.0 0.48521900000000007 0.0 0.28767300000000007 0.204629 0.24765900000000002 0.20764400000000002
62 LS-411N p53 49.0 0.28198699999999993 0.15482899999999997 0.10727999999999999 0.0 0.6454139999999998 0.7896709999999998 0.8752529999999997 0.6014279999999999 0.26134599999999997 0.04650999999999999 0.5843459999999998 0.10684999999999997
63 COLO-679 p53 49.0 0.19876900000000003 0.095108 0.07966999999999999 0.0 0.6534380000000002 0.633024 0.853184 0.62666 0.18365300000000004 0.08206100000000001 0.14205299999999998 0.07880300000000001
64 SNU-C5 Zero 49.0 0.5875979999999995 0.41951999999999984 0.227505 0.2696029999999999 0.6340549999999997 0.6871239999999997 0.6907869999999996 0.5292509999999999 0.8287209999999995 0.22779900000000003 0.5622919999999997 0.227059
64 SNU-C5 BRAF 49.0 0.5855439999999997 0.42935699999999993 0.0 0.27092000000000005 0.64648 0.706903 0.7115109999999999 0.5443120000000001 0.7989449999999997 0.0 0.5317709999999998 0.0
64 SNU-C5 PI3K 49.0 0.4214069999999997 0.009864999999999999 0.5706199999999999 0.27903299999999986 0.011214000000000002 0.011172000000000003 0.013292 0.012144 0.8943840000000002 0.5659299999999998 0.6395709999999998 0.5653619999999998
65 MZ7-mel Zero 49.5 0.14848000000000003 0.07303099999999998 0.056634 0.6920009999999998 0.7056979999999999 0.31258 0.6121169999999999 0.245387 0.25943900000000003 0.045681 0.19207100000000002 0.04618900000000001
64 SNU-C5 p53 49.0 0.7562149999999994 0.56275 0.11149599999999998 0.0016 0.8359669999999996 0.9008809999999995 0.9009599999999997 0.725818 0.7927399999999994 0.11779600000000001 0.5174359999999995 0.11328200000000001
65 MZ7-mel BRAF 49.5 0.15377000000000002 0.07008400000000001 0.0 0.6988009999999999 0.6960399999999999 0.30372600000000005 0.6160579999999999 0.241307 0.25131000000000003 0.0 0.19084199999999998 0.0
65 MZ7-mel PI3K 49.5 0.12134600000000004 0.003084 0.11389099999999999 0.6951970000000002 0.4518020000000001 0.013225000000000002 0.4301400000000001 0.010215 0.26953299999999997 0.08466700000000002 0.19986200000000007 0.09170600000000001
66 SK-MEL-1 Zero 49.0 0.17225900000000002 0.130359 0.13765599999999997 0.45684499999999995 0.3534949999999999 0.34965199999999974 0.8539940000000004 0.34988799999999987 0.3032589999999998 0.12409200000000002 0.2667529999999998 0.125568
65 MZ7-mel p53 49.5 0.21303000000000005 0.17817200000000002 0.0 0.0 0.9109549999999998 0.7466009999999998 0.731127 0.577744 0.256799 0.0 0.188307 0.0
66 SK-MEL-1 BRAF 49.0 0.15162799999999993 0.12335000000000003 0.0 0.4524869999999999 0.3520789999999999 0.3471289999999999 0.8549379999999999 0.34571299999999994 0.24328099999999991 0.0 0.224051 0.0
67 A2058 Zero 49.0 0.06746200000000001 0.032913 0.052157 0.4454009999999999 0.229665 0.22563400000000003 0.24725 0.161209 0.14059999999999992 0.023219 0.2305309999999999 0.04964200000000001
66 SK-MEL-1 PI3K 49.0 0.17655900000000005 0.0038009999999999997 0.29705000000000004 0.4480649999999999 0.013004000000000002 0.011282 0.6870929999999997 0.012773000000000003 0.3311009999999999 0.263624 0.30409499999999995 0.26901100000000006
67 A2058 BRAF 49.0 0.060875000000000005 0.030053 0.0 0.4314 0.22846400000000008 0.223949 0.24832400000000007 0.15957400000000008 0.14022300000000004 0.0 0.2372490000000001 0.0
66 SK-MEL-1 p53 49.0 0.270553 0.210199 0.02092500000000001 0.0 0.5768619999999998 0.5734549999999997 0.9010299999999994 0.5711459999999999 0.2550160000000001 0.020294 0.22896200000000008 0.019766000000000006
67 A2058 PI3K 49.0 0.021825999999999998 0.0 0.08941600000000002 0.43559899999999996 0.002858 0.0 0.023392 0.0 0.144027 0.034736 0.24397999999999995 0.08289900000000001
68 CP66-MEL Zero 49.5 0.206635 0.14144 0.17443300000000003 0.629998 0.40490499999999996 0.397997 0.719724 0.34563799999999983 0.518961 0.138207 0.32424400000000003 0.142937
67 A2058 p53 49.0 0.120171 0.058669 0.021747000000000002 0.0 0.4204510000000001 0.41254200000000013 0.4330219999999999 0.29786599999999996 0.1361310000000001 0.008505000000000004 0.24152600000000018 0.02155
68 CP66-MEL BRAF 49.5 0.20263000000000003 0.13844400000000004 0.0 0.643798 0.393083 0.38451000000000013 0.7038589999999998 0.33298400000000006 0.4769169999999999 0.0 0.280836 0.0
69 HCT-116 Zero 49.0 0.36381999999999987 0.24771700000000002 0.6345509999999996 0.5546039999999999 0.40814599999999984 0.4374709999999998 0.4853129999999997 0.35687199999999974 0.8322439999999995 0.610343 0.8432929999999995 0.6192759999999998
69 HCT-116 BRAF 49.0 0.3293789999999999 0.25840799999999997 0.0 0.5633980000000001 0.433254 0.4591779999999999 0.49972999999999995 0.38428400000000007 0.691135 0.0 0.712742 0.0
68 CP66-MEL PI3K 49.5 0.13388200000000006 0.004736 0.28441400000000006 0.6397989999999998 0.014044000000000003 0.011048 0.43385399999999996 0.011199000000000002 0.5422579999999996 0.230081 0.3461750000000002 0.23786200000000002
69 HCT-116 PI3K 49.0 0.3844969999999999 0.0 0.9313880000000002 0.5664959999999999 0.0 0.0 0.005661999999999999 0.0 0.9060839999999999 0.8814049999999999 0.9127239999999999 0.893858
68 CP66-MEL p53 49.5 0.50181 0.341056 0.0013109999999999999 0.004037000000000001 0.994159 0.994304 0.9978239999999999 0.846667 0.47295099999999995 0.0006180000000000001 0.28278800000000004 0.00137
69 HCT-116 p53 49.0 0.7696 0.552992 0.29006899999999985 0.0036 0.8617509999999999 0.9278409999999999 0.9483379999999998 0.7734779999999998 0.7505829999999999 0.2952610000000001 0.765086 0.29176700000000005
70 LS-180 Zero 49.0 0.435166 0.136297 0.233463 0.5977900000000003 0.5211920000000001 0.584361 0.6141699999999998 0.24977000000000005 0.6214420000000002 0.19766000000000003 0.5887819999999998 0.21005100000000002
70 LS-180 BRAF 49.0 0.36782499999999996 0.12679100000000001 0.0 0.618772 0.5041180000000002 0.5680310000000002 0.5989180000000002 0.23851599999999995 0.6006970000000003 0.0 0.569439 0.0
71 SNU-C1 Zero 49.0 0.69058 0.5312790000000001 0.42355199999999993 0.5019989999999995 0.711104 0.7871659999999999 0.823844 0.6447929999999998 0.8774250000000002 0.43286499999999994 0.742559 0.430848
70 LS-180 PI3K 49.0 0.3776329999999997 0.10847300000000003 0.3126289999999998 0.6091590000000003 0.35688499999999995 0.361248 0.40511499999999956 0.20436599999999994 0.6217279999999997 0.2661459999999999 0.5873740000000001 0.27718899999999996
71 SNU-C1 BRAF 49.0 0.6323639999999998 0.49702799999999986 0.0 0.5057119999999998 0.7250420000000002 0.81159 0.844138 0.65413 0.7763919999999999 0.0 0.5940729999999999 0.0
71 SNU-C1 PI3K 49.0 0.6072410000000003 0.3343369999999999 0.5398390000000001 0.4922409999999999 0.4418089999999999 0.48756499999999986 0.5362359999999999 0.4060369999999999 0.9044720000000004 0.5401890000000001 0.7770040000000001 0.5420100000000001
70 LS-180 p53 49.0 0.6047449999999998 0.17742699999999997 0.13984200000000002 0.20599600000000004 0.7089969999999999 0.8178780000000003 0.8400300000000002 0.31782799999999994 0.6108199999999998 0.12596500000000002 0.5775039999999999 0.128242
71 SNU-C1 p53 49.0 0.862862 0.6170029999999999 0.363117 0.0 0.8376009999999999 0.93708 0.9555980000000002 0.751854 0.852279 0.381528 0.7102020000000001 0.372748
72 HT-115 Zero 49.0 0.7047660000000001 0.618203 0.087814 0.34214399999999984 0.7635290000000003 0.7903920000000004 0.8927240000000003 0.759081 0.8196040000000004 0.07505100000000002 0.8203160000000005 0.07626200000000001
72 HT-115 BRAF 49.0 0.70384 0.6289710000000001 0.0 0.34709899999999994 0.7725570000000002 0.7990980000000002 0.8949210000000001 0.7722260000000003 0.8146720000000001 0.0 0.8146980000000003 0.0
73 MDST8 Zero 49.0 0.11409 0.052746999999999995 0.248007 0.5390749999999999 0.4039430000000001 0.32009200000000004 0.4006309999999999 0.2715669999999999 0.3357399999999998 0.193841 0.38748399999999983 0.22610799999999998
72 HT-115 PI3K 49.0 0.5530999999999996 0.35491099999999987 0.22081499999999996 0.3471239999999999 0.4322209999999998 0.43913799999999975 0.6083179999999996 0.43566299999999986 0.8236099999999996 0.18702700000000005 0.8233459999999997 0.19203599999999996
72 HT-115 p53 49.0 0.7899289999999999 0.6787769999999999 0.061002999999999995 0.0 0.845384 0.8827169999999998 0.9456929999999999 0.8380709999999999 0.8107409999999999 0.055538999999999984 0.8085619999999999 0.054397
73 MDST8 BRAF 49.0 0.09482999999999998 0.05278599999999999 0.0 0.5430409999999999 0.41907299999999986 0.343691 0.4267009999999999 0.29215899999999995 0.17197900000000005 0.0 0.21554399999999999 0.0
74 K2 Zero 49.5 0.06065700000000001 0.036119 0.019728 0.250605 0.8440499999999997 0.6262709999999998 0.9021299999999997 0.6241909999999998 0.08271300000000005 0.012222999999999998 0.07497900000000005 0.015146000000000001
73 MDST8 PI3K 49.0 0.155197 0.0 0.4272229999999999 0.527888 0.007492 0.0 0.009117999999999998 0.0 0.4452919999999999 0.33907899999999996 0.4909879999999998 0.39582499999999987
74 K2 BRAF 49.5 0.06020899999999999 0.032317 0.0 0.25820000000000004 0.8444189999999996 0.6216949999999998 0.9054179999999998 0.6197459999999997 0.05807300000000001 0.0 0.05155900000000001 0.0
74 K2 PI3K 49.5 0.09915799999999998 0.0 0.09640300000000002 0.25340399999999996 0.40950500000000006 0.0 0.5573589999999999 0.0 0.17872200000000002 0.07012199999999998 0.15985400000000005 0.08180299999999999
73 MDST8 p53 49.0 0.23125400000000007 0.10892400000000005 0.058928999999999995 0.0 0.8056959999999999 0.6840119999999995 0.7849479999999995 0.5932249999999997 0.2172770000000001 0.04383499999999999 0.25830099999999995 0.05230099999999998
74 K2 p53 49.5 0.067987 0.045611 0.0 0.0 0.9409190000000002 0.8137320000000001 0.9706480000000002 0.8130420000000002 0.060511999999999996 0.0 0.054653999999999994 0.0
75 RKO Zero 49.0 0.3555269999999999 0.225181 0.44354700000000014 0.5010370000000001 0.4808959999999999 0.37677799999999995 0.5304690000000001 0.37949199999999994 0.5851130000000003 0.44439900000000004 0.5763310000000001 0.442985
75 RKO BRAF 49.0 0.23260899999999998 0.187084 0.0 0.4914619999999999 0.5260239999999999 0.42343800000000004 0.5847849999999999 0.43363799999999997 0.315914 0.0 0.305847 0.0
76 RPMI-7951 Zero 49.0 0.3087509999999996 0.22785899999999998 0.05181500000000001 0.12799400000000002 0.5565000000000004 0.5361870000000003 0.531485 0.476993 0.44410699999999964 0.03368000000000001 0.545238 0.04940300000000001
75 RKO PI3K 49.0 0.37189199999999994 0.0 0.717003 0.48897099999999993 0.007035999999999999 0.0 0.012357000000000002 0.0 0.7467409999999999 0.7107899999999998 0.7321699999999999 0.7095549999999998
75 RKO p53 49.0 0.5594869999999996 0.375986 0.33406099999999983 0.0 0.695855 0.626496 0.7279509999999998 0.625098 0.5441359999999997 0.3489109999999999 0.5258409999999997 0.3404979999999999
76 RPMI-7951 BRAF 49.0 0.28897199999999995 0.225829 0.0 0.12907000000000007 0.5502870000000001 0.5339870000000001 0.5282969999999999 0.482327 0.4524959999999999 0.0 0.552249 0.0
77 COLO-829 Zero 49.0 0.021895999999999995 0.009993 0.04238199999999999 0.3066009999999999 0.6155309999999998 0.5506890000000002 0.6208110000000001 0.541979 0.061641 0.029314999999999994 0.052293 0.031667999999999995
76 RPMI-7951 PI3K 49.0 0.06482199999999999 0.0 0.14461399999999996 0.13113199999999997 0.0 0.0 0.0 0.0 0.43597599999999986 0.100384 0.5358929999999998 0.14344800000000002
77 COLO-829 BRAF 49.0 0.024742999999999998 0.011045000000000001 0.0 0.30737499999999995 0.616504 0.5519270000000001 0.624173 0.5441499999999999 0.025668 0.0 0.018813999999999994 0.0
76 RPMI-7951 p53 49.0 0.32882599999999995 0.23415299999999997 0.039837000000000004 0.0 0.5938809999999995 0.5814989999999997 0.5646239999999997 0.5152719999999997 0.4340260000000001 0.028146 0.5384499999999999 0.037709
77 COLO-829 PI3K 49.0 0.036319 0.0 0.131812 0.31695499999999993 0.0019879999999999997 0.0 0.0021999999999999997 0.0 0.15537699999999996 0.09888000000000001 0.13183899999999998 0.10269299999999999
78 C32 Zero 49.0 0.34069099999999997 0.19768700000000006 0.21171000000000004 0.16808700000000007 0.685336 0.41718199999999994 0.922858 0.4177599999999999 0.38571199999999994 0.21889100000000006 0.3963279999999999 0.21368500000000007
77 COLO-829 p53 49.0 0.030647 0.015258 0.0012 0.0 0.7967689999999998 0.7619649999999998 0.7909079999999999 0.7462589999999999 0.022377999999999995 0.000593 0.019436999999999996 0.0004
78 C32 BRAF 49.0 0.23357500000000003 0.163886 0.0 0.16343300000000002 0.6875159999999995 0.4175130000000001 0.9224609999999995 0.41842200000000007 0.24063000000000007 0.0 0.26303299999999996 0.0
78 C32 PI3K 49.0 0.30291799999999997 0.0 0.31914499999999985 0.165329 0.3950180000000001 0.0 0.8361989999999998 0.0 0.420578 0.313684 0.43085899999999994 0.31856
79 WM793B Zero 49.5 0.41811499999999996 0.22420400000000001 0.6294850000000003 0.4594139999999999 0.49122499999999997 0.40213100000000007 0.7937049999999999 0.3820640000000001 0.788769 0.6368460000000001 0.776688 0.6331840000000002
78 C32 p53 49.0 0.39910799999999996 0.24727500000000002 0.20241800000000004 0.0 0.7252520000000001 0.5032190000000001 0.9313910000000002 0.50312 0.388782 0.21174500000000002 0.4006199999999999 0.20696400000000004
79 WM793B BRAF 49.5 0.20331100000000005 0.14032800000000004 0.0 0.473964 0.637879 0.553184 0.874829 0.521021 0.3336599999999999 0.0 0.3209889999999999 0.0
80 G-MEL Zero 49.5 0.021367 0.007414 0.0015500000000000002 0.035226999999999994 0.699041 0.3853559999999999 0.6370869999999997 0.25696699999999995 0.038447999999999996 0.000364 0.018129999999999997 0.00022
79 WM793B PI3K 49.5 0.33403599999999994 0.011653 0.696321 0.44673399999999996 0.05561899999999998 0.013475 0.48461099999999985 0.015138 0.8280239999999996 0.6967309999999997 0.8158249999999997 0.6969689999999998
80 G-MEL BRAF 49.5 0.022041000000000005 0.007796000000000001 0.0 0.0364 0.6989660000000001 0.39131000000000005 0.637016 0.25497300000000006 0.033408999999999994 0.0 0.01488 0.0
79 WM793B p53 49.5 0.6371290000000002 0.34011099999999994 0.6057560000000002 0.0 0.6439109999999999 0.595321 0.849026 0.557097 0.7745930000000003 0.6168230000000003 0.7630670000000003 0.6130610000000002
80 G-MEL PI3K 49.5 0.019285 0.0 0.00175 0.035199999999999995 0.518255 0.0 0.41712999999999995 0.0 0.040674999999999996 0.002 0.017702 0.001791
80 G-MEL p53 49.5 0.023684 0.008309 0.001324 0.0 0.7158380000000001 0.40672599999999987 0.651642 0.266376 0.037282 0.0009669999999999999 0.017772999999999997 0.000567
81 CW-2 Zero 49.0 0.12355400000000004 0.03686199999999999 0.10180000000000004 0.240423 0.16853600000000005 0.2283590000000001 0.3351589999999998 0.14657699999999999 0.2686809999999999 0.06593900000000003 0.3830470000000002 0.09154700000000003
81 CW-2 BRAF 49.0 0.09502 0.03886099999999999 0.0 0.23991400000000002 0.17915699999999998 0.23822599999999997 0.34894999999999987 0.16125400000000004 0.2501650000000001 0.0 0.3570259999999999 0.0
81 CW-2 PI3K 49.0 0.08162000000000001 0.0 0.13238200000000003 0.23528800000000005 0.0 0.0 0.13731900000000005 0.0 0.278 0.08823000000000002 0.3827619999999998 0.11173300000000003
82 HCC2998 Zero 49.0 0.7222490000000001 0.6304660000000001 0.24033900000000008 0.5836029999999999 0.7933660000000001 0.800024 0.9608739999999999 0.7835030000000001 0.8331319999999998 0.2384940000000001 0.7720389999999994 0.2412960000000001
82 HCC2998 BRAF 49.0 0.6990949999999998 0.6008020000000001 0.0 0.58148 0.7919749999999997 0.8012519999999999 0.9585439999999997 0.7817749999999999 0.797456 0.0 0.7296769999999998 0.0
81 CW-2 p53 49.0 0.19801799999999997 0.06633200000000002 0.08391399999999999 0.0 0.2813059999999999 0.3472859999999999 0.45498899999999987 0.2593129999999998 0.27082099999999976 0.059758999999999986 0.3745199999999998 0.078168
83 Mewo Zero 49.0 0.547323 0.22784000000000001 0.053184999999999996 0.36984599999999984 0.6768409999999998 0.31228500000000003 0.8210359999999999 0.28567 0.6232839999999998 0.054851 0.6328229999999999 0.053441999999999996
82 HCC2998 PI3K 49.0 0.5501189999999995 0.2939119999999999 0.48724799999999996 0.5799689999999994 0.35747999999999974 0.3587049999999997 0.7928389999999995 0.36023699999999975 0.8640469999999995 0.47742899999999977 0.8091379999999995 0.48220399999999985
83 Mewo BRAF 49.0 0.517079 0.22803500000000002 0.0 0.36311199999999993 0.6815159999999998 0.3165269999999999 0.8257220000000001 0.2922279999999999 0.613977 0.0 0.6269989999999999 0.0
82 HCC2998 p53 49.0 0.8743300000000002 0.754252 0.14637799999999998 0.0 0.943458 0.9612240000000001 0.9950209999999999 0.9221749999999999 0.8410160000000002 0.156896 0.7758250000000001 0.15117199999999995
83 Mewo PI3K 49.0 0.47367499999999985 0.0 0.109879 0.3602049999999999 0.49717999999999996 0.0 0.7167290000000001 0.0 0.6098879999999999 0.104343 0.615013 0.10884699999999999
84 LB2518-MEL Zero 49.5 0.165352 0.06675400000000001 0.11581600000000002 0.8476619999999998 0.7477029999999999 0.6698499999999998 0.7116179999999999 0.334665 0.259664 0.08695600000000002 0.24705 0.08916900000000003
83 Mewo p53 49.0 0.6044809999999999 0.365835 0.031146 0.0 0.7661169999999999 0.49934499999999993 0.871487 0.464054 0.6251159999999998 0.033287000000000004 0.6345409999999998 0.03258300000000001
84 LB2518-MEL BRAF 49.5 0.18304000000000006 0.07732599999999999 0.0 0.8471999999999998 0.7325059999999999 0.6512199999999999 0.6955600000000001 0.3257720000000002 0.25222400000000006 0.0 0.23378200000000007 0.0
84 LB2518-MEL PI3K 49.5 0.083175 0.014057000000000002 0.37098200000000014 0.8460969999999994 0.19307700000000008 0.10885200000000003 0.15891600000000003 0.05818299999999998 0.37094500000000014 0.28726 0.3567800000000002 0.2960900000000001
85 NCI-H716 Zero 49.0 0.5949129999999998 0.39241800000000004 0.020619999999999996 0.20418600000000003 0.9667669999999996 0.8217669999999997 0.9657579999999995 0.6968579999999998 0.5814189999999999 0.015870000000000002 0.5584929999999998 0.016978
84 LB2518-MEL p53 49.5 0.25305300000000003 0.10077300000000002 0.02138 0.07688000000000005 0.9746099999999996 0.9687069999999998 0.9575319999999996 0.46611500000000017 0.24313199999999993 0.020120999999999997 0.22831299999999993 0.018710999999999995
85 NCI-H716 BRAF 49.0 0.590356 0.39006699999999994 0.0 0.203382 0.9721750000000002 0.8225050000000003 0.968766 0.6916960000000001 0.5769949999999999 0.0 0.562591 0.0
86 Malme-3M Zero 49.0 0.19661599999999999 0.10497500000000001 0.053230999999999994 0.5050009999999998 0.8293909999999995 0.701494 0.7933449999999995 0.4685609999999999 0.26335799999999987 0.019946000000000005 0.30269099999999993 0.027593999999999994
85 NCI-H716 PI3K 49.0 0.5265999999999998 0.114199 0.139731 0.20586399999999996 0.7898 0.24316600000000002 0.7897599999999997 0.209537 0.5852969999999996 0.11687800000000004 0.5685289999999996 0.12086100000000002
86 Malme-3M BRAF 49.0 0.20839800000000003 0.120235 0.0 0.49680000000000013 0.836785 0.6947069999999999 0.804026 0.4820650000000001 0.26434099999999994 0.0 0.3045520000000001 0.0
85 NCI-H716 p53 49.0 0.6043139999999999 0.43159099999999995 0.003939 0.0 0.9910839999999999 0.9255019999999998 0.9891869999999996 0.7734589999999998 0.5828079999999998 0.0032130000000000006 0.566893 0.003268
86 Malme-3M PI3K 49.0 0.184372 0.06693299999999999 0.10978299999999998 0.4929999999999998 0.6425729999999998 0.413439 0.6965410000000002 0.28733500000000006 0.2722520000000001 0.044344999999999996 0.30706899999999987 0.056114
87 MZ2-MEL Zero 49.5 0.091196 0.05151700000000001 0.00517 0.7031979999999998 0.480509 0.4415300000000001 0.5019780000000001 0.3569880000000001 0.16591999999999993 0.00521 0.14775799999999994 0.0043219999999999995
86 Malme-3M p53 49.0 0.2565809999999999 0.15271800000000002 0.0002 0.0 0.9818010000000001 0.9539920000000001 0.902361 0.6516929999999999 0.26209999999999994 0.0002 0.303926 0.0
87 MZ2-MEL BRAF 49.5 0.08343700000000001 0.046529 0.0 0.6989969999999998 0.48531599999999986 0.4511499999999999 0.5026869999999999 0.3569879999999999 0.16684600000000005 0.0 0.14787200000000003 0.0
87 MZ2-MEL PI3K 49.5 0.003336 0.0 0.013368999999999999 0.688201 0.0 0.0 0.00071 0.0 0.167092 0.010013999999999999 0.14360400000000004 0.011546999999999998
88 SNU-1040 Zero 49.0 0.4882709999999998 0.38652499999999995 0.22841499999999995 0.3293999999999999 0.457178 0.5329160000000001 0.5917249999999997 0.4762939999999998 0.7154799999999999 0.22166000000000013 0.7402909999999997 0.22643900000000006
87 MZ2-MEL p53 49.5 0.17595300000000003 0.104454 0.0 0.0 0.9999999999999998 0.9997999999999998 0.9981999999999999 0.779758 0.16274400000000003 0.0 0.14933600000000002 0.0
88 SNU-1040 BRAF 49.0 0.491451 0.390131 0.0 0.33000100000000004 0.46497099999999997 0.542295 0.5962399999999999 0.4826019999999999 0.7071590000000002 0.0 0.738259 0.0
89 SK-MEL-31 Zero 49.0 0.14372300000000007 0.09129199999999998 0.03478200000000001 0.07387400000000001 0.7484880000000002 0.7385810000000002 0.9156039999999998 0.7375449999999999 0.153482 0.026332000000000008 0.20250400000000002 0.03143200000000001
88 SNU-1040 PI3K 49.0 0.3410369999999999 0.0 0.517254 0.317598 0.0 0.0 0.021245999999999994 0.0 0.7167330000000001 0.4967 0.731317 0.510771
89 SK-MEL-31 BRAF 49.0 0.14212799999999998 0.091493 0.0 0.072523 0.75302 0.7436330000000001 0.9154710000000001 0.7409989999999999 0.135074 0.0 0.18137499999999998 0.0
88 SNU-1040 p53 49.0 0.7266610000000002 0.583951 0.07624000000000003 0.0 0.6896510000000002 0.8039950000000001 0.8678240000000005 0.7178670000000005 0.7111960000000002 0.072063 0.7397929999999999 0.07357900000000002
89 SK-MEL-31 PI3K 49.0 0.191376 0.0 0.27068899999999996 0.07840200000000001 0.0 0.0 0.4229490000000001 0.0 0.26771599999999995 0.202732 0.30741599999999997 0.246884
90 COLO-201 Zero 49.0 0.25715899999999986 0.048070999999999996 0.40240899999999996 0.40859000000000006 0.32941699999999996 0.5404899999999997 0.5890999999999996 0.2860099999999999 0.391431 0.2740819999999998 0.4327109999999999 0.3152489999999999
89 SK-MEL-31 p53 49.0 0.160587 0.098969 0.016856999999999997 0.0 0.8082539999999998 0.7997499999999998 0.9302889999999998 0.7985689999999999 0.14154200000000006 0.014657000000000002 0.18342100000000014 0.015020000000000002
90 COLO-201 BRAF 49.0 0.117724 0.056015 0.0 0.43293399999999993 0.341433 0.5335840000000001 0.571367 0.301048 0.199063 0.0 0.240284 0.0
91 Hs-944-T Zero 49.0 0.447373 0.2817400000000001 0.03805 0.17773500000000003 0.42923699999999987 0.376088 0.6160220000000001 0.363479 0.7761539999999997 0.016154999999999992 0.8499559999999998 0.036736
91 Hs-944-T BRAF 49.0 0.45176999999999995 0.29359999999999997 0.0 0.17856800000000003 0.4374189999999999 0.384197 0.6225590000000001 0.37165899999999996 0.7713540000000001 0.0 0.837172 0.0
90 COLO-201 PI3K 49.0 0.29552499999999987 0.0016 0.602101 0.4136149999999997 0.008899999999999996 0.011152000000000004 0.07253800000000003 0.009537999999999998 0.49572999999999984 0.40507199999999993 0.5421849999999999 0.47067499999999984
91 Hs-944-T PI3K 49.0 0.24024 0.0 0.061986999999999993 0.18423499999999998 0.038665 0.0 0.33508300000000013 0.0 0.7761349999999996 0.026237999999999997 0.8432659999999996 0.06220299999999999
90 COLO-201 p53 49.0 0.3372099999999999 0.06957700000000003 0.2755890000000001 0.07461600000000003 0.521103 0.8372120000000002 0.8829519999999996 0.44378999999999985 0.325043 0.194071 0.36247700000000005 0.22010700000000005
91 Hs-944-T p53 49.0 0.539287 0.347128 0.031214 0.0 0.5025869999999999 0.46088500000000004 0.6619319999999997 0.44923799999999997 0.7713769999999998 0.016356000000000002 0.8350909999999996 0.033677
92 MEL-JUSO Zero 49.0 0.21060600000000002 0.191779 0.0013119999999999998 0.333001 0.28490999999999994 0.28356800000000004 0.29102399999999995 0.27586700000000003 0.6724859999999999 0.0015410000000000003 0.6484909999999999 0.001
92 MEL-JUSO BRAF 49.0 0.20594500000000004 0.19274000000000002 0.0 0.32619999999999993 0.28957099999999997 0.288682 0.29772499999999996 0.281444 0.657041 0.0 0.630754 0.0
92 MEL-JUSO PI3K 49.0 0.005995 0.0 0.001026 0.3176 0.0012000000000000001 0.0 0.011370000000000002 0.0 0.6648689999999998 0.001729 0.6406159999999999 0.0012360000000000001
92 MEL-JUSO p53 49.0 0.30671199999999993 0.28625 0.000306 0.0 0.41950199999999993 0.41942699999999994 0.4269169999999999 0.4082239999999999 0.665453 0.00019099999999999998 0.642719 0.000404
93 CHL-1 Zero 49.5 0.706731 0.571898 0.20784700000000003 0.5249989999999999 0.734404 0.7058289999999999 0.9484679999999996 0.7106229999999998 0.843198 0.196167 0.788269 0.20267200000000005
93 CHL-1 BRAF 49.5 0.6920409999999999 0.5725609999999999 0.0 0.525602 0.7400470000000001 0.7147600000000002 0.9445540000000002 0.7192500000000002 0.8185730000000001 0.0 0.7641950000000001 0.0
93 CHL-1 PI3K 49.5 0.4292949999999999 0.0 0.7509939999999998 0.5366019999999998 0.0006000000000000001 0.0 0.6042199999999996 0.0 0.8750009999999998 0.7347809999999999 0.8135659999999999 0.7393640000000001
94 HT-144 Zero 49.0 0.405183 0.298111 0.0013680000000000003 0.41900200000000004 0.6034769999999998 0.496632 0.6052779999999999 0.444853 0.6496449999999996 0.000601 0.6603769999999998 0.0010630000000000001
94 HT-144 BRAF 49.0 0.41624200000000006 0.31543499999999997 0.0 0.40739999999999993 0.6045129999999999 0.502809 0.6077699999999998 0.45600700000000005 0.664083 0.0 0.6705880000000001 0.0
93 CHL-1 p53 49.5 0.853701 0.798853 0.005999999999999999 0.0 0.9927980000000002 0.9919420000000002 0.9991980000000001 0.9915970000000002 0.831719 0.005867999999999999 0.774421 0.005782999999999999
94 HT-144 PI3K 49.0 0.071736 0.0 0.0008060000000000001 0.41000099999999995 0.10217600000000003 0.0 0.105798 0.0 0.6492469999999999 0.0010580000000000001 0.658658 0.000897
94 HT-144 p53 49.0 0.6268669999999998 0.5125609999999999 0.0 0.0 0.9170449999999996 0.8524679999999998 0.9167709999999997 0.7670769999999999 0.6506759999999997 0.0 0.6596349999999997 0.0
95 CL-40 Zero 49.0 0.150046 0.05722599999999999 0.024020999999999997 0.18520000000000006 0.5264089999999997 0.6969929999999996 0.7201489999999994 0.410149 0.18892099999999998 0.01876 0.09830299999999999 0.018244999999999997
95 CL-40 BRAF 49.0 0.12190300000000001 0.053098 0.0 0.17220000000000002 0.546722 0.717571 0.7385320000000002 0.41883799999999993 0.14633700000000002 0.0 0.07723899999999999 0.0
96 SW1116 Zero 49.0 0.3170009999999999 0.19540899999999997 0.24780700000000003 0.5484789999999996 0.7526119999999996 0.7720389999999994 0.8308749999999995 0.5281549999999996 0.48115099999999983 0.21095600000000003 0.4696459999999998 0.21309800000000007
95 CL-40 PI3K 49.0 0.036181000000000005 0.001271 0.053413 0.1886 0.008917999999999999 0.009882000000000002 0.014452 0.009482 0.22549399999999997 0.03882000000000001 0.119627 0.040436
96 SW1116 BRAF 49.0 0.29328 0.18162199999999995 0.0 0.5430039999999998 0.7490349999999999 0.7731490000000001 0.8227180000000002 0.510492 0.3780049999999999 0.0 0.3757399999999999 0.0
95 CL-40 p53 49.0 0.16677400000000003 0.063206 0.017230000000000002 0.0 0.6454009999999999 0.848711 0.8743899999999999 0.494898 0.16894000000000006 0.01089 0.09023699999999998 0.010423000000000002
96 SW1116 PI3K 49.0 0.3421440000000001 0.087406 0.5680289999999999 0.5573989999999999 0.34655 0.3525440000000001 0.45520700000000003 0.24793300000000001 0.6357309999999998 0.48547300000000004 0.6239969999999999 0.4983010000000001
97 WM1552C Zero 49.0 0.30396700000000004 0.240392 0.04369200000000001 0.4001990000000001 0.9428289999999999 0.7862389999999999 0.9577590000000001 0.7887360000000001 0.36630500000000005 0.042001000000000004 0.3566570000000001 0.042062999999999996
96 SW1116 p53 49.0 0.388831 0.241818 0.062422 0.001 0.9720439999999999 0.9951869999999997 0.9969619999999997 0.6817799999999998 0.374422 0.06488999999999999 0.36535300000000004 0.06183199999999999
97 WM1552C BRAF 49.0 0.3014010000000001 0.248508 0.0 0.39940000000000003 0.9507339999999995 0.7978599999999997 0.9630739999999995 0.8002859999999998 0.3302730000000001 0.0 0.323536 0.0
98 KM12 Zero 49.0 0.10724700000000002 0.04083000000000001 0.48396600000000006 0.4520009999999998 0.21907199999999996 0.420106 0.562966 0.19612100000000002 0.18355399999999997 0.124013 0.595696 0.421644
97 WM1552C PI3K 49.0 0.36222199999999993 0.0 0.37635199999999996 0.4018019999999999 0.5205620000000001 0.0 0.5849469999999998 0.0 0.5857359999999999 0.35694900000000007 0.5676769999999998 0.362943
98 KM12 BRAF 49.0 0.09152 0.03654199999999999 0.0 0.447001 0.21840300000000004 0.42421499999999995 0.5743579999999998 0.19560100000000002 0.166697 0.0 0.601567 0.0
97 WM1552C p53 49.0 0.32705300000000004 0.304918 0.0 0.0 0.9978009999999997 0.9831019999999998 0.9989629999999997 0.9799079999999999 0.347257 0.0 0.337794 0.0
98 KM12 PI3K 49.0 0.10054800000000005 0.0 0.6607949999999998 0.44799900000000004 0.0 0.0 0.20131 0.0 0.19226500000000002 0.174575 0.6072699999999998 0.5859829999999998
99 WM278 Zero 49.5 0.115275 0.08145899999999999 0.39709700000000003 0.671086 0.327958 0.31190200000000007 0.34024099999999996 0.308483 0.44608099999999984 0.38681299999999996 0.43656100000000003 0.389412
98 KM12 p53 49.0 0.18370599999999998 0.071747 0.31778 0.0 0.4099670000000001 0.7625980000000003 0.862879 0.366095 0.176789 0.083589 0.5932630000000001 0.278367
99 WM278 BRAF 49.5 0.04960099999999999 0.032542999999999996 0.0 0.674985 0.342877 0.32998999999999995 0.35496399999999995 0.32960699999999993 0.10856400000000001 0.0 0.107452 0.0
99 WM278 PI3K 49.5 0.15147799999999997 0.0 0.504239 0.6693989999999999 0.0 0.0 0.0002 0.0 0.508625 0.470516 0.501141 0.4788449999999999
100 WM-115 Zero 49.0 0.20976699999999998 0.148632 0.086624 0.41496700000000003 0.5028649999999999 0.43073700000000004 0.5891869999999999 0.431602 0.32455700000000004 0.042024 0.3645479999999999 0.057064000000000004
99 WM278 p53 49.5 0.3085449999999999 0.218911 0.199947 0.000198 0.947269 0.936747 0.9510249999999999 0.9217839999999999 0.288884 0.21194800000000003 0.27939899999999984 0.205498
100 WM-115 BRAF 49.0 0.21606699999999993 0.15752799999999995 0.0 0.40416 0.5105520000000001 0.4415220000000002 0.5964579999999994 0.4414900000000002 0.3278010000000002 0.0 0.3684370000000002 0.0
100 WM-115 PI3K 49.0 0.07947200000000003 0.0 0.24194499999999997 0.39455699999999994 0.008059 0.0 0.029805999999999992 0.0 0.3382039999999999 0.12672300000000003 0.3711029999999999 0.15703899999999998
101 SK-MEL-2 Zero 49.5 0.5574549999999997 0.39341799999999993 0.17405900000000002 0.5181969999999997 0.7925910000000003 0.6965320000000002 0.8150210000000002 0.6951210000000001 0.6342629999999999 0.134616 0.8398909999999999 0.16661200000000004
100 WM-115 p53 49.0 0.3402009999999999 0.268553 0.010079000000000001 0.0 0.7897739999999999 0.7444779999999999 0.8423999999999998 0.7456040000000002 0.32636899999999985 0.0033889999999999997 0.36289099999999985 0.005011
101 SK-MEL-2 BRAF 49.5 0.5178879999999999 0.39061100000000004 0.0 0.5291999999999999 0.782593 0.694855 0.80297 0.6918270000000001 0.6061849999999999 0.0 0.8411799999999999 0.0
102 COLO-320-HSR Zero 49.0 0.5752939999999996 0.344003 0.20998400000000006 0.39640100000000006 0.5974760000000001 0.58437 0.6142909999999997 0.47046899999999997 0.6500759999999997 0.201297 0.6446799999999998 0.203468
101 SK-MEL-2 PI3K 49.5 0.36793900000000007 0.0 0.759129 0.5331990000000001 0.07175899999999999 0.0 0.10222399999999997 0.0 0.6984309999999999 0.5751599999999999 0.8740359999999999 0.718311
102 COLO-320-HSR BRAF 49.0 0.4628859999999998 0.34529599999999994 0.0 0.38880299999999995 0.602724 0.5899400000000001 0.6205410000000002 0.4685359999999999 0.6458210000000001 0.0 0.647157 0.0
101 SK-MEL-2 p53 49.5 0.6328510000000004 0.5476420000000001 0.009066 0.0 0.9993990000000004 0.9979320000000002 0.9933280000000002 0.9901850000000001 0.6006970000000001 0.011219 0.8470830000000001 0.010583999999999998
102 COLO-320-HSR PI3K 49.0 0.5182469999999999 0.0 0.6697899999999999 0.392999 0.0 0.0 0.0 0.0 0.6668579999999997 0.650052 0.660152 0.651409
102 COLO-320-HSR p53 49.0 0.6520410000000001 0.49279199999999995 0.003734 0.0 0.8489309999999999 0.835702 0.8628259999999999 0.6601150000000001 0.643085 0.003306 0.6427900000000001 0.0030099999999999997
103 WM-266-4 Zero 49.0 0.071088 0.041943 0.042648000000000005 0.5637589999999999 0.4939129999999999 0.35409199999999996 0.7926639999999996 0.3600579999999999 0.12314500000000006 0.007869999999999999 0.162307 0.020262
103 WM-266-4 BRAF 49.0 0.07480700000000001 0.046937 0.0 0.5657829999999999 0.48510399999999987 0.3412470000000001 0.7953159999999999 0.34420199999999995 0.11852800000000005 0.0 0.15498600000000004 0.0
103 WM-266-4 PI3K 49.0 0.025981 0.0 0.09252099999999999 0.5734260000000001 0.043031 0.0 0.32181799999999994 0.0 0.117081 0.018330000000000003 0.154176 0.04027000000000001
104 SW1463 Zero 49.0 0.11008500000000002 0.05878800000000001 0.15805100000000002 0.5845999999999998 0.5185910000000002 0.5203540000000002 0.5274700000000001 0.3952529999999999 0.212632 0.09681400000000001 0.2759269999999998 0.12825
103 WM-266-4 p53 49.0 0.139227 0.105981 0.0006000000000000001 0.0 0.855614 0.7812870000000001 0.9555060000000001 0.783374 0.12521100000000002 0.0 0.15487899999999996 0.0
104 SW1463 BRAF 49.0 0.10393799999999997 0.058629 0.0 0.5840009999999999 0.5232009999999998 0.5260529999999999 0.5379819999999997 0.40146600000000005 0.16177700000000003 0.0 0.22501100000000007 0.0
105 Hs-940-T Zero 49.0 0.19719800000000004 0.14648200000000003 0.021851000000000002 0.24260099999999998 0.379324 0.36053099999999993 0.347458 0.278541 0.30368 0.020404 0.317853 0.021315999999999998
104 SW1463 PI3K 49.0 0.138779 0.031441 0.27149400000000007 0.5696009999999999 0.2547839999999999 0.25378399999999995 0.27074400000000004 0.19722999999999996 0.26215800000000006 0.17376399999999997 0.3177870000000001 0.22603499999999999
105 Hs-940-T BRAF 49.0 0.19109 0.142083 0.0 0.2522 0.35884999999999995 0.34077799999999997 0.3343419999999999 0.2713520000000001 0.29612399999999994 0.0 0.311969 0.0
104 SW1463 p53 49.0 0.168684 0.09882300000000001 0.004588 0.0 0.8541790000000001 0.8606539999999999 0.865226 0.645605 0.15758399999999997 0.0023150000000000002 0.222493 0.00416
105 Hs-940-T PI3K 49.0 0.060405 0.0 0.08596000000000002 0.2366 0.0 0.0 0.0004 0.0 0.303739 0.078357 0.31446599999999997 0.081462
105 Hs-940-T p53 49.0 0.25937899999999997 0.18726500000000004 0.003604 0.0 0.49037600000000003 0.4660670000000001 0.45090800000000014 0.367562 0.29165700000000006 0.0039180000000000005 0.304352 0.0037250000000000004
106 CP50-MEL-B Zero 49.5 0.23734599999999995 0.06035 0.069371 0.825187 0.766952 0.33198300000000014 0.5889119999999998 0.17371300000000003 0.4246439999999999 0.06083499999999999 0.3275 0.062048
106 CP50-MEL-B BRAF 49.5 0.23288600000000004 0.06181600000000001 0.0 0.8204770000000001 0.7622530000000003 0.32896000000000003 0.5868820000000005 0.17523499999999995 0.39775400000000005 0.0 0.300914 0.0
107 SW620 Zero 49.0 0.39543500000000004 0.11350600000000001 0.49216 0.6996149999999999 0.30362799999999995 0.19718300000000002 0.589907 0.19551900000000003 0.5978340000000001 0.47111500000000006 0.6440540000000001 0.4918490000000001
106 CP50-MEL-B PI3K 49.5 0.129338 0.0031810000000000002 0.15537800000000004 0.823699 0.5073639999999997 0.014182999999999998 0.2932289999999998 0.0073999999999999995 0.43804799999999966 0.13787100000000008 0.3394979999999998 0.141915
107 SW620 BRAF 49.0 0.18004200000000004 0.08434000000000003 0.0 0.6945989999999999 0.33403199999999983 0.220228 0.6121119999999999 0.21919200000000005 0.31512199999999985 0.0 0.3946239999999999 0.0
106 CP50-MEL-B p53 49.5 0.42280599999999996 0.183071 0.0 0.0 1.0 0.999994 1.0 0.51832 0.39915399999999995 0.0 0.301014 0.0
107 SW620 PI3K 49.0 0.40738499999999983 0.008412000000000001 0.6015000000000001 0.703597 0.12531200000000003 0.016314999999999996 0.4384459999999998 0.016971999999999998 0.651034 0.573867 0.680122 0.5971930000000001
108 NCI-H747 Zero 49.0 0.2697689999999999 0.228327 0.23967400000000003 0.693196 0.48579100000000014 0.47304200000000013 0.5861290000000001 0.4792520000000002 0.5025379999999999 0.20364100000000002 0.5688899999999999 0.22519400000000003
107 SW620 p53 49.0 0.511216 0.3407629999999999 0.24867900000000007 0.0028000000000000004 0.69496 0.6114539999999999 0.845042 0.6085379999999999 0.48460699999999995 0.25651299999999994 0.5387050000000002 0.25386499999999995
108 NCI-H747 BRAF 49.0 0.27624299999999996 0.239401 0.0 0.6944009999999998 0.512271 0.5003590000000001 0.6038069999999999 0.5073810000000001 0.49255599999999994 0.0 0.5649329999999999 0.0
108 NCI-H747 PI3K 49.0 0.15267800000000004 0.007723999999999999 0.49211999999999995 0.6877979999999998 0.014500000000000002 0.012416000000000003 0.05734499999999999 0.013644000000000002 0.539718 0.4375239999999999 0.5971789999999998 0.478478
109 LB373-MEL-D Zero 49.5 0.31817399999999996 0.154854 0.17790000000000003 0.8311030000000005 0.7987600000000001 0.5378419999999999 0.9015100000000003 0.4672459999999999 0.41166199999999975 0.16772600000000001 0.4098529999999999 0.172044
108 NCI-H747 p53 49.0 0.524545 0.46724899999999997 0.0 0.0 0.983577 0.9813759999999999 0.991001 0.981338 0.49171699999999996 0.0 0.562098 0.0
109 LB373-MEL-D BRAF 49.5 0.2720329999999999 0.127383 0.0 0.8362829999999999 0.8134599999999995 0.5710129999999997 0.9084779999999999 0.4887489999999999 0.3127169999999999 0.0 0.32438400000000006 0.0
110 WM35 Zero 49.5 0.19081300000000007 0.13292400000000001 0.039556 0.578401 0.5360100000000001 0.4133649999999999 0.698376 0.41164999999999996 0.34732899999999994 0.03459700000000001 0.18597000000000002 0.035683999999999994
109 LB373-MEL-D PI3K 49.5 0.19501300000000002 0.005553 0.416852 0.8366930000000001 0.383148 0.016772000000000002 0.6610600000000001 0.014612000000000002 0.540674 0.38270499999999985 0.541883 0.39678299999999994
110 WM35 BRAF 49.5 0.19337600000000002 0.12450300000000002 0.0 0.582601 0.5429799999999999 0.4082369999999999 0.7082600000000001 0.40645799999999993 0.345876 0.0 0.18328000000000003 0.0
110 WM35 PI3K 49.5 0.119194 0.0 0.07512700000000003 0.578003 0.16655999999999999 0.0 0.40709799999999996 0.0 0.346664 0.06905000000000001 0.19560100000000005 0.07149200000000003
109 LB373-MEL-D p53 49.5 0.408821 0.248497 0.08873499999999997 0.04336099999999998 0.9505019999999998 0.8757059999999999 0.9741089999999996 0.7440699999999998 0.363323 0.09297099999999996 0.37008299999999994 0.09055099999999994
110 WM35 p53 49.5 0.337691 0.29499000000000003 0.0 0.0 0.99346 0.9795600000000001 0.9985989999999999 0.9780970000000001 0.33429500000000006 0.0 0.176551 0.0
111 A375 Zero 49.0 0.15322699999999997 0.086908 0.047364999999999984 0.5019979999999997 0.24941099999999997 0.24809399999999998 0.29139800000000005 0.163241 0.407256 0.029559000000000002 0.446578 0.04541999999999999
111 A375 BRAF 49.0 0.14589799999999997 0.079951 0.0 0.5096 0.235976 0.23529199999999997 0.278315 0.147229 0.3908540000000001 0.0 0.42590100000000003 0.0
111 A375 PI3K 49.0 0.033125 0.0 0.08693899999999999 0.4941999999999999 0.0 0.0 0.028116000000000002 0.0 0.39181799999999994 0.05029 0.43204299999999995 0.0817
112 GP5d Zero 49.0 0.5855240000000003 0.23904799999999998 0.5520480000000001 0.6413999999999999 0.39474300000000007 0.41350700000000007 0.4351429999999997 0.268717 0.9018720000000003 0.5502450000000001 0.865164 0.5492070000000001
111 A375 p53 49.0 0.317347 0.173902 0.011111 0.0 0.4933889999999999 0.48899000000000004 0.5372469999999997 0.311886 0.412253 0.004423 0.44929699999999995 0.009501999999999998
112 GP5d BRAF 49.0 0.405977 0.22897500000000004 0.0 0.6394200000000002 0.4043509999999999 0.4262029999999999 0.44687899999999986 0.2603250000000001 0.8771180000000004 0.0 0.8472630000000003 0.0
112 GP5d PI3K 49.0 0.564699 0.091644 0.7722309999999997 0.6169349999999999 0.11358000000000001 0.112651 0.13855300000000006 0.103937 0.9085499999999997 0.757652 0.8750229999999997 0.7591669999999998
113 LS1034 Zero 49.0 0.13825600000000005 0.031967999999999996 0.107419 0.3680879999999999 0.23995599999999997 0.3146460000000001 0.33877900000000005 0.161045 0.24805000000000002 0.09366700000000003 0.23713999999999996 0.09900400000000002
112 GP5d p53 49.0 0.8704119999999999 0.3574439999999999 0.3754339999999999 0.3538139999999998 0.6219080000000001 0.655987 0.6688879999999998 0.4169629999999998 0.8767099999999997 0.37985299999999994 0.8400839999999997 0.3739529999999998
113 LS1034 BRAF 49.0 0.09534900000000002 0.035962 0.0 0.3711989999999998 0.24392400000000003 0.317714 0.3396149999999999 0.15822500000000003 0.21598399999999998 0.0 0.21643 0.0
113 LS1034 PI3K 49.0 0.09837400000000003 0.015396000000000003 0.135597 0.365601 0.092627 0.09868199999999999 0.12085300000000003 0.08140500000000002 0.247571 0.111423 0.23817399999999994 0.115824
114 CL-34 Zero 49.0 0.20849099999999995 0.07691500000000001 0.17592800000000003 0.4085889999999999 0.24486399999999992 0.35464100000000004 0.374624 0.21530599999999997 0.408155 0.15103299999999997 0.380675 0.16435999999999992
113 LS1034 p53 49.0 0.19717800000000005 0.062278999999999994 0.08569100000000003 0.0 0.36108199999999985 0.4611089999999999 0.48369999999999985 0.24564600000000003 0.23679099999999995 0.072714 0.23083899999999993 0.07623899999999999
114 CL-34 BRAF 49.0 0.1748 0.07390700000000001 0.0 0.415837 0.24735000000000004 0.36615599999999987 0.390156 0.21288500000000002 0.347239 0.0 0.3270499999999999 0.0
115 RCM-1 Zero 49.0 0.11761300000000002 0.039361 0.17307599999999998 0.4024529999999996 0.373846 0.49551499999999987 0.4893079999999997 0.20617300000000002 0.21045500000000006 0.11119500000000002 0.23687500000000006 0.126725
114 CL-34 PI3K 49.0 0.119423 0.0 0.24058200000000005 0.41966299999999995 0.0 0.0 0.0 0.0 0.43745100000000003 0.20369100000000004 0.40207299999999996 0.21980400000000003
115 RCM-1 BRAF 49.0 0.09763199999999998 0.035381 0.0 0.4190139999999999 0.369753 0.497808 0.49349000000000015 0.208178 0.16008499999999998 0.0 0.183176 0.0
115 RCM-1 PI3K 49.0 0.13196 0.0 0.312978 0.406727 0.0 0.0 0.0 0.0 0.253846 0.21779 0.274266 0.24191000000000004
114 CL-34 p53 49.0 0.3410330000000001 0.14653000000000002 0.09939099999999998 0.0002 0.471038 0.624079 0.651824 0.43198499999999995 0.3808640000000001 0.08353500000000001 0.356412 0.094259
115 RCM-1 p53 49.0 0.17241799999999996 0.057712000000000006 0.07101800000000001 0.0 0.5995949999999998 0.7863469999999997 0.7709489999999996 0.31745300000000004 0.16926699999999997 0.04338299999999999 0.193809 0.05179199999999999
