n_profile Patient_ID Drug_ID Time FGFR2 FRS2 TSC2 mTOR RHEB SOX10 FOXD3 ERBB3 ERBB2 ATM p53 p21 MDM2
0 HT-144 Zero 49.0 0.056629 0.056201 0.453901 0.5510339999999999 0.549599 0.0 0.614786 0.6450640000000001 0.0 0.42199999999999993 0.42199999999999993 0.350505 0.0
0 HT-144 BRAF 49.0 0.050681999999999984 0.049467999999999984 0.45555199999999985 0.5488919999999997 0.5482519999999997 0.0 0.6047049999999998 0.6378929999999996 0.0054329999999999995 0.4083999999999998 0.4083999999999998 0.34248799999999996 0.0
0 HT-144 PI3K 49.0 0.048938999999999996 0.048383999999999996 0.903616 0.10583600000000001 0.10172700000000003 0.0 0.6138469999999999 0.6484849999999999 0.0 0.40759899999999993 0.40759899999999993 0.363408 0.0
0 HT-144 p53 49.0 0.04907 0.048611999999999995 0.16723200000000005 0.8309069999999998 0.8325879999999997 0.0 0.6118199999999999 0.6418679999999999 0.0 0.401601 0.0 0.0 0.0
1 SW1116 Zero 49.0 0.20060100000000008 0.20060100000000008 0.2631769999999998 0.572761 0.8134159999999998 0.0 0.0 0.029617999999999988 0.856115 0.5473989999999999 0.5477989999999998 0.234976 0.0002
1 SW1116 BRAF 49.0 0.19280000000000008 0.1927450000000001 0.2559629999999999 0.569199 0.811503 0.0 0.0 0.025524999999999996 0.8830060000000002 0.5541999999999997 0.5543999999999997 0.22991100000000003 0.0002
1 SW1116 PI3K 49.0 0.19565800000000008 0.19560100000000008 0.642417 0.35079299999999997 0.4870739999999999 0.0 0.0 0.024889 0.8511749999999997 0.5357999999999997 0.5361999999999997 0.3460939999999999 0.0002
2 KM12 Zero 49.0 0.07533299999999998 0.07479999999999999 0.5945969999999999 0.372529 0.38586099999999995 0.0 0.0 0.0 0.504523 0.43820200000000004 0.0 0.0 0.0
1 SW1116 p53 49.0 0.18943600000000005 0.18924600000000005 0.050038 0.6661439999999998 0.958681 0.0 0.0 0.030356000000000005 0.855707 0.5428 0.0 0.0 0.0
2 KM12 BRAF 49.0 0.08040100000000001 0.08040100000000001 0.5739500000000001 0.386903 0.40425599999999995 0.0 0.0 0.0 0.5245799999999999 0.443 0.0 0.0 0.0
2 KM12 PI3K 49.0 0.07680000000000001 0.0766 1.0 0.0 0.0 0.0 0.0 0.0 0.49647499999999994 0.44499999999999995 0.0 0.0 0.0
3 SK-MEL-3 Zero 49.0 0.0 0.0 0.51114 0.7371559999999999 0.5544189999999999 0.0 0.0 0.0 0.0 0.5761999999999999 0.5761999999999999 0.363903 0.0
2 KM12 p53 49.0 0.0788 0.0782 0.597038 0.37068399999999996 0.38407199999999997 0.0 0.0 0.0 0.508677 0.4511999999999998 0.0 0.0 0.0
3 SK-MEL-3 BRAF 49.0 0.0 0.0 0.48993699999999996 0.754591 0.5718350000000001 0.0 0.0 0.0 0.030713999999999998 0.5671989999999999 0.5671989999999999 0.362045 0.0
3 SK-MEL-3 PI3K 49.0 0.0 0.0 0.7018820000000001 0.6044430000000002 0.362504 0.0 0.0 0.0 0.0 0.5770000000000001 0.5770000000000001 0.399702 0.0
3 SK-MEL-3 p53 49.0 0.0 0.0 0.344748 0.817949 0.696772 0.0 0.0 0.0 0.0 0.5812 0.0 0.0 0.0
4 SW1463 Zero 49.0 0.0 0.0 0.25753900000000013 0.5914900000000001 0.6619810000000002 0.0 0.0 0.03335 0.021852 0.577001 0.0 0.0 0.0
4 SW1463 BRAF 49.0 0.0 0.0 0.23487799999999998 0.611355 0.6915560000000001 0.0 0.0 0.027766999999999993 0.021403 0.5728000000000001 0.0 0.0 0.0
4 SW1463 PI3K 49.0 0.0 0.0 0.7610239999999999 0.19139599999999998 0.217286 0.0 0.0 0.032132999999999995 0.009717 0.577201 0.0 0.0 0.0
4 SW1463 p53 49.0 0.0 0.0 0.264368 0.5856720000000001 0.657782 0.0 0.0 0.029107999999999995 0.019405999999999996 0.568601 0.0 0.0 0.0
5 CL-34 Zero 49.0 0.0 0.0 0.785919 0.207764 0.208734 0.0 0.0 0.0 0.489559 0.4178 0.41922299999999996 0.419565 0.0
5 CL-34 BRAF 49.0 0.0 0.0 0.762484 0.231502 0.227859 0.0 0.0 0.0 0.802681 0.4158 0.41724100000000003 0.4176 0.0
5 CL-34 PI3K 49.0 0.0 0.0 1.0 0.0 0.0 0.0 0.0 0.0 0.484656 0.4234 0.4252 0.4254 0.0
5 CL-34 p53 49.0 0.0 0.0 0.5768249999999999 0.41274500000000003 0.4151499999999999 0.0 0.0 0.0 0.486802 0.414599 0.0 0.0 0.0
6 LS-123 Zero 49.0 0.041705 0.041096999999999995 0.7159460000000001 0.264422 0.280009 0.0 0.0 0.0 0.6000669999999998 0.3327990000000001 0.0 0.0 0.0
6 LS-123 BRAF 49.0 0.038977 0.038599999999999995 0.716225 0.261975 0.27811100000000005 0.0 0.0 0.0 0.5979869999999998 0.31300000000000006 0.0 0.0 0.0
6 LS-123 PI3K 49.0 0.0432 0.043022000000000005 0.9971500000000001 0.0031449999999999994 0.003008 0.0 0.0 0.0 0.611896 0.32420000000000004 0.0 0.0 0.0
6 LS-123 p53 49.0 0.036199999999999996 0.035919 0.717059 0.25940700000000005 0.276785 0.0 0.0 0.0 0.6000279999999999 0.32139900000000005 0.0 0.0 0.0
7 HCC2998 Zero 49.0 0.040105 0.04768499999999999 0.12304000000000002 0.9999999999999998 0.881039 0.0 0.0 0.0 0.6674249999999999 0.576199 0.5739989999999999 0.06445500000000001 0.0
7 HCC2998 BRAF 49.0 0.04662499999999999 0.05068799999999999 0.118594 0.9999979999999996 0.8831549999999997 0.0 0.0 0.0 0.6484459999999999 0.5889989999999997 0.5871989999999997 0.06309400000000001 0.0
7 HCC2998 PI3K 49.0 0.04810899999999999 0.05453899999999999 0.631709 1.0 0.37573700000000004 0.0 0.0 0.0 0.645385 0.5802010000000001 0.577801 0.35190299999999997 0.0
7 HCC2998 p53 49.0 0.044642 0.05144 0.11829800000000003 1.0000010000000001 0.883951 0.0 0.0 0.0 0.6481849999999999 0.595001 0.0 0.0 0.0
8 M14 Zero 49.0 0.0158 0.014199999999999999 0.037852 0.9894259999999998 0.9751329999999998 0.9999999999999999 0.609467 0.6115749999999999 0.0 0.7939999999999999 0.0 0.0 0.0
8 M14 BRAF 49.5 0.018199999999999994 0.016887999999999997 0.004880000000000001 0.9991849999999998 0.9971199999999999 0.9999989999999997 0.9097279999999999 0.899176 0.0 0.7975989999999998 0.0 0.0 0.0
8 M14 PI3K 49.0 0.01600100000000001 0.014848000000000004 0.6987199999999997 0.6119079999999999 0.3651170000000001 0.9999999999999999 0.6065989999999999 0.6084449999999999 0.0 0.7879999999999998 0.0 0.0 0.0
8 M14 p53 49.0 0.015799999999999998 0.014932 0.038351 0.989827 0.972871 0.9999979999999999 0.617848 0.619696 0.0 0.7975979999999999 0.0 0.0 0.0
9 C32 Zero 49.0 0.037043999999999994 0.036284 0.320119 0.9040329999999999 0.8971579999999999 0.0 0.0 0.0 0.0 0.44200200000000006 0.440981 0.16533 0.0016
9 C32 BRAF 49.0 0.03933199999999999 0.038282 0.31421199999999994 0.909776 0.902936 0.0 0.0 0.0 0.022718 0.4435979999999998 0.44162599999999985 0.16651 0.002843
9 C32 PI3K 49.0 0.029845999999999998 0.0294 0.59881 0.8169340000000002 0.8068050000000001 0.0 0.0 0.0 0.0 0.45419900000000013 0.4510430000000001 0.27411800000000003 0.004516999999999999
9 C32 p53 49.0 0.03452 0.033413000000000005 0.29082600000000003 0.9089089999999999 0.9041589999999998 0.0 0.0 0.0 0.0 0.4436009999999999 0.0 0.0034930000000000004 0.002
10 VMRC-MELG Zero 49.0 0.14749500000000001 0.15341000000000005 0.46962700000000007 0.535786 0.525948 0.0 0.0 0.0 0.6217359999999998 0.410202 0.410202 0.19502100000000003 0.0
10 VMRC-MELG BRAF 49.0 0.15825599999999998 0.164287 0.39621099999999987 0.6029450000000001 0.5987350000000001 0.0 0.0 0.0 0.7876549999999999 0.4179989999999999 0.4179989999999999 0.18973500000000001 0.0
10 VMRC-MELG PI3K 49.0 0.153715 0.15955300000000003 0.8695669999999998 0.14586000000000002 0.13477300000000003 0.0 0.0 0.0 0.6236949999999999 0.42280100000000004 0.42280100000000004 0.365192 0.0
10 VMRC-MELG p53 49.0 0.148123 0.15375200000000003 0.402194 0.597826 0.5935519999999997 0.0 0.0 0.0 0.6239409999999999 0.41239899999999996 0.0 0.038281 0.0
11 NCI-H508 Zero 49.0 0.0 0.0 0.49603 0.35918900000000004 0.49364 0.0 0.0 0.0 0.679114 0.477 0.0 0.0 0.0
11 NCI-H508 BRAF 49.0 0.0 0.0 0.49962 0.353944 0.49183199999999994 0.0 0.0 0.0 0.817058 0.5018009999999999 0.0 0.0 0.0
11 NCI-H508 PI3K 49.0 0.0 0.0 0.9999999999999999 0.0 0.0 0.0 0.0 0.0 0.679757 0.4978 0.0 0.0 0.0
11 NCI-H508 p53 49.0 0.0 0.0 0.506043 0.348113 0.48649299999999995 0.0 0.0 0.0 0.6744760000000001 0.49240100000000003 0.0 0.0 0.0
12 SW837 Zero 49.0 0.080066 0.079864 0.14794100000000002 0.8498639999999997 0.83331 0.0 0.0 0.0 0.7335819999999998 0.7108009999999999 0.0 0.0 0.0
12 SW837 BRAF 49.0 0.07553100000000001 0.075523 0.158472 0.838645 0.8223820000000001 0.0 0.0 0.0002 0.7555720000000002 0.712201 0.0 0.0 0.0
12 SW837 PI3K 49.0 0.074384 0.073922 0.609797 0.5532690000000001 0.384287 0.0 0.0 0.0002 0.7137229999999998 0.7227999999999999 0.0 0.0 0.0
12 SW837 p53 49.0 0.07041700000000001 0.070276 0.15852200000000002 0.8371249999999997 0.8245379999999999 0.0 0.0 0.0 0.742677 0.7028000000000001 0.0 0.0 0.0
13 SNU-C2B Zero 49.0 0.051399999999999994 0.24268600000000004 0.13756399999999996 0.8490690000000001 0.84634 0.0 0.0 0.0 0.999999 0.6871999999999999 0.0 0.0 0.0
13 SNU-C2B BRAF 49.0 0.05118 0.23608800000000002 0.12242000000000001 0.8628079999999997 0.8617269999999999 0.0 0.0 0.0 0.9999989999999999 0.698999 0.0 0.0 0.0
13 SNU-C2B PI3K 49.0 0.05920000000000001 0.2378 0.6172129999999999 0.391409 0.38279599999999997 0.0 0.0 0.0 1.000001 0.683801 0.0 0.0 0.0
13 SNU-C2B p53 49.0 0.055607 0.234189 0.13622900000000004 0.855195 0.851503 0.0 0.0 0.0 0.9999990000000001 0.6960000000000002 0.0 0.0 0.0
14 CP66-MEL Zero 49.0 0.0 0.07542300000000005 0.6561379999999998 0.5084769999999997 0.3032119999999998 0.9999989999999997 0.619381 0.6581989999999999 0.0 0.6385999999999998 0.6379839999999999 0.6030339999999998 0.001
14 CP66-MEL BRAF 49.0 0.0 0.07733500000000003 0.6519149999999996 0.5044209999999998 0.30268999999999996 0.9999979999999992 0.6309119999999997 0.6709679999999995 0.0 0.6319999999999998 0.6315999999999998 0.6031599999999999 0.0008
14 CP66-MEL PI3K 49.0 0.0 0.07297000000000001 0.9834839999999997 0.22103700000000004 0.014846000000000002 0.9999999999999997 0.6152289999999999 0.6573459999999999 0.0 0.6317999999999999 0.6309999999999999 0.6251289999999998 0.0015170000000000001
14 CP66-MEL p53 49.0 0.0 0.07194400000000004 0.15569700000000009 0.8100659999999995 0.742761 0.9999999999999992 0.6225459999999997 0.6578649999999997 0.0 0.6393999999999995 0.0 0.01051 0.0008
15 SK-MEL-1 Zero 49.0 0.10698 0.10614200000000001 0.678587 0.6711060000000001 0.6242470000000002 0.0 0.0 0.0 0.0 0.45420000000000005 0.44374900000000006 0.413023 0.0
15 SK-MEL-1 BRAF 49.0 0.106683 0.10610300000000002 0.6253689999999998 0.7252460000000001 0.682454 0.0 0.0 0.0 0.003577 0.4545989999999999 0.4440549999999999 0.4117969999999999 0.0
15 SK-MEL-1 PI3K 49.0 0.10476300000000004 0.10397100000000001 0.9865109999999995 0.4541609999999999 0.3950139999999999 0.0 0.0 0.0 0.0 0.45619899999999985 0.44498799999999994 0.439932 0.0
15 SK-MEL-1 p53 49.0 0.10229400000000001 0.10191900000000001 0.48530899999999993 0.750306 0.7214330000000001 0.0 0.0 0.0 0.0 0.44799999999999995 0.0 0.00355 0.0
16 SNU-61 Zero 49.0 0.0 0.0 0.37612999999999996 0.5841130000000001 0.6234010000000001 0.0 0.0 0.0 0.7318570000000001 0.5031990000000002 0.0 0.0 0.0
16 SNU-61 BRAF 49.0 0.0 0.0 0.33847900000000003 0.6283359999999998 0.6593849999999998 0.0 0.0 0.0 0.742396 0.48260000000000003 0.0 0.0 0.0
16 SNU-61 PI3K 49.0 0.0 0.0 0.9966010000000001 0.003591 0.003479 0.0 0.0 0.0 0.7080339999999999 0.48860000000000003 0.0 0.0 0.0
16 SNU-61 p53 49.0 0.0 0.0 0.377651 0.5834609999999999 0.6195249999999999 0.0 0.0 0.0 0.7303369999999999 0.48040000000000005 0.0 0.0 0.0
17 SK-MEL-31 Zero 49.0 0.12266800000000004 0.11214000000000003 0.249397 0.9113649999999999 0.8935909999999999 0.0 0.6176210000000001 0.624037 0.0 0.17879900000000004 0.17879900000000004 0.11124 0.0
17 SK-MEL-31 BRAF 49.0 0.11492200000000007 0.10327900000000005 0.24953300000000006 0.9158399999999998 0.9030199999999999 0.0 0.6174769999999999 0.623421 0.024536999999999993 0.18320000000000006 0.18320000000000006 0.11873900000000003 0.0
17 SK-MEL-31 PI3K 49.0 0.11703800000000004 0.10622800000000003 1.0000010000000001 0.41877999999999976 0.3725749999999999 0.0 0.615193 0.621161 0.0 0.194 0.194 0.20500000000000004 0.0
17 SK-MEL-31 p53 49.0 0.120062 0.108568 0.20545800000000006 0.9305729999999998 0.916709 0.0 0.608587 0.614346 0.0 0.17940100000000006 0.0 0.014726 0.0
18 SK-MEL-28 Zero 49.0 0.016472999999999995 0.009800000000000001 0.289317 0.7407809999999999 0.6053350000000002 0.0 0.5922329999999999 0.593572 0.0 0.696798 0.0 0.0 0.0
18 SK-MEL-28 BRAF 49.0 0.016137 0.009400000000000002 0.28971799999999986 0.7325999999999998 0.604942 0.0 0.6006929999999999 0.601774 0.008892 0.6903999999999999 0.0 0.0 0.0
18 SK-MEL-28 PI3K 49.0 0.018577999999999997 0.0108 1.0000009999999997 0.25387699999999996 0.0 0.0 0.593895 0.595 0.0 0.6963999999999999 0.0 0.0 0.0
18 SK-MEL-28 p53 49.0 0.014295 0.009965 0.295664 0.7331829999999997 0.600171 0.0 0.5934940000000001 0.594975 0.0 0.7036009999999999 0.0 0.0 0.0
19 LS-180 Zero 49.0 0.08500000000000003 0.08500000000000003 0.10290400000000002 0.5661269999999999 0.619714 0.0 0.0 0.0004 0.662069 0.40659999999999985 0.4302339999999999 0.011438000000000002 0.02691199999999999
19 LS-180 BRAF 49.0 0.08480100000000002 0.08480100000000002 0.11172100000000001 0.5513019999999998 0.6066059999999998 0.0 0.0 0.0002 0.661872 0.4104 0.4308129999999999 0.01494 0.024770999999999994
19 LS-180 PI3K 49.0 0.087601 0.087601 0.6645960000000001 0.20732799999999998 0.226956 0.0 0.0 0.000199 0.6562 0.40580099999999997 0.42863300000000004 0.27964900000000004 0.012480999999999999
19 LS-180 p53 49.0 0.08399900000000002 0.08399900000000002 0.106258 0.558984 0.6150760000000001 0.0 0.0 0.0 0.6532770000000002 0.4106000000000001 0.0 0.0 0.0
20 CL-40 Zero 49.0 0.0326 0.0372 0.549146 0.386725 0.41362 0.0 0.0 0.0 0.4505969999999998 0.17740000000000006 0.0 0.006599999999999999 0.0
20 CL-40 BRAF 49.0 0.03819999999999999 0.043747 0.5045210000000001 0.4276289999999999 0.45808899999999986 0.0 0.0 0.0 0.50304 0.18279900000000002 0.0 0.007061 0.0002
20 CL-40 PI3K 49.0 0.03432899999999999 0.040598999999999996 0.9887449999999998 0.009965000000000002 0.010716000000000003 0.0 0.0 0.0 0.4172529999999998 0.19159900000000002 0.0 0.008146 0.0
21 CP50-MEL-B Zero 49.0 0.029027 0.10014400000000001 0.5931219999999997 0.40566399999999986 0.3932689999999999 0.9999989999999994 0.6161939999999996 0.6727599999999995 0.0 0.8345979999999996 0.8269979999999997 0.23786500000000008 0.009799999999999998
20 CL-40 p53 49.0 0.029358999999999996 0.037098 0.5339330000000001 0.40628500000000006 0.4323409999999999 0.0 0.0 0.0 0.457253 0.1910010000000001 0.0 0.006501 0.0
21 CP50-MEL-B BRAF 49.5 0.028399999999999998 0.10610700000000003 0.5920400000000001 0.4086279999999999 0.39501999999999987 0.999997 0.9815370000000001 0.992924 0.0 0.836998 0.8287180000000002 0.241327 0.011248000000000001
21 CP50-MEL-B PI3K 49.0 0.023799999999999998 0.08991600000000002 0.724627 0.28337399999999996 0.2688070000000001 0.9999979999999998 0.63078 0.6804939999999998 0.0 0.840198 0.8349980000000001 0.4017229999999999 0.007119999999999999
21 CP50-MEL-B p53 49.0 0.02699999999999999 0.090969 0.476382 0.505195 0.5057879999999999 1.000005 0.6176759999999999 0.664994 0.0 0.838404 0.0 0.0 0.007677999999999999
22 SK-CO-1 Zero 49.0 0.0 0.0 0.7345879999999998 0.253144 0.291305 0.0 0.0 0.0 0.6942429999999999 0.12140000000000001 0.12140000000000001 0.12140000000000001 0.0
22 SK-CO-1 BRAF 49.0 0.0 0.0 0.7432799999999998 0.256456 0.29157599999999995 0.0 0.0 0.0 0.682782 0.11719900000000001 0.11719900000000001 0.11719900000000001 0.0
22 SK-CO-1 PI3K 49.0 0.0 0.0 0.9999999999999999 0.023243999999999997 0.023174 0.0 0.0 0.0 0.688891 0.11919999999999999 0.11919999999999999 0.11919999999999999 0.0
22 SK-CO-1 p53 49.0 0.0 0.0 0.684194 0.301159 0.34036099999999997 0.0 0.0 0.0 0.693489 0.12860099999999997 0.0 0.0 0.0
23 WM793B Zero 49.0 0.07499300000000002 0.14224600000000015 0.561587999999999 0.7335209999999994 0.6696139999999999 0.9999979999999986 0.0 0.0 0.6045909999999994 0.5303999999999995 0.5039419999999999 0.4473189999999999 0.057012999999999966
23 WM793B BRAF 49.5 0.07934000000000005 0.14312600000000023 0.4145709999999993 0.8151929999999985 0.764037999999999 1.0000009999999975 0.5555039999999991 0.09453800000000008 0.6973109999999995 0.5256019999999992 0.5018869999999996 0.41047799999999957 0.051548999999999956
23 WM793B PI3K 49.0 0.08021200000000002 0.14645000000000005 0.9431809999999999 0.4400889999999998 0.3360949999999998 0.9999999999999994 0.0 0.0 0.607105 0.5213999999999998 0.49672499999999997 0.5598059999999998 0.05602499999999999
24 RPMI-7951 Zero 49.0 0.10372300000000002 0.10271600000000002 0.5728919999999998 0.4208379999999999 0.4232969999999999 0.0 0.0 0.0 0.5567869999999999 0.5890009999999999 0.447545 0.222387 0.0
23 WM793B p53 49.0 0.07523400000000006 0.13780900000000013 0.45927099999999943 0.7644929999999995 0.7111589999999997 1.0000009999999993 0.0 0.0 0.6189889999999998 0.5235999999999997 0.0 0.1612100000000002 0.050851999999999994
24 RPMI-7951 BRAF 49.0 0.10383600000000003 0.10203999999999999 0.46934999999999993 0.5198200000000002 0.5231139999999999 0.0 0.0 0.0 0.616938 0.591398 0.44165 0.16361900000000001 0.0
24 RPMI-7951 PI3K 49.0 0.10427299999999999 0.103405 0.9999979999999999 0.0 0.0 0.0 0.0 0.0 0.5564230000000001 0.5823980000000001 0.44229700000000005 0.377634 0.0
24 RPMI-7951 p53 49.0 0.09544400000000003 0.093547 0.5544219999999999 0.435274 0.4383919999999999 0.0 0.0 0.0 0.548955 0.581799 0.0 0.0 0.0
25 NCI-H747 Zero 49.0 0.022811999999999995 0.022072999999999995 0.17023000000000002 0.8564319999999999 0.854968 0.0 0.0 0.0 0.6723560000000001 0.6988019999999998 0.0 0.0 0.0
25 NCI-H747 BRAF 49.0 0.026198000000000003 0.025781000000000002 0.17950000000000005 0.8455049999999998 0.8437899999999998 0.0 0.0 0.0 0.6698019999999998 0.6919989999999998 0.0 0.0 0.0
25 NCI-H747 PI3K 49.0 0.019400999999999998 0.0192 0.985266 0.023337 0.022677 0.0 0.0 0.0 0.6556580000000001 0.6876000000000001 0.0 0.0 0.0
25 NCI-H747 p53 49.0 0.022798999999999996 0.022598999999999998 0.179962 0.8459099999999998 0.844518 0.0 0.0 0.0 0.679632 0.6944 0.0 0.0 0.0
26 HCT-15 Zero 49.0 0.14900000000000002 0.14880000000000002 0.0004 0.9961839999999998 0.9961999999999999 0.0 0.0 0.0 0.5797780000000001 0.19400000000000003 0.0 0.0 0.0
26 HCT-15 BRAF 49.0 0.144123 0.143189 0.0002 0.996565 0.99673 0.0 0.0 0.0 0.590193 0.19439900000000002 0.0 0.0 0.0
26 HCT-15 PI3K 49.0 0.148773 0.14842899999999998 0.7427700000000002 0.26931699999999986 0.2570699999999999 0.0 0.0 0.0 0.5845260000000001 0.1866 0.0 0.0 0.0
26 HCT-15 p53 49.0 0.14924500000000002 0.14880000000000002 0.0004 0.9956 0.9958 0.0 0.0 0.0 0.5875969999999999 0.19260000000000002 0.0 0.0 0.0
27 SNU-175 Zero 49.0 0.062203 0.06780000000000001 0.549281 0.4402779999999999 0.4531069999999999 0.0 0.0 0.0 0.6075259999999999 0.44220099999999984 0.44220099999999984 0.35992899999999994 0.0
27 SNU-175 BRAF 49.0 0.051600999999999994 0.059032999999999995 0.5190509999999998 0.46830400000000005 0.48272100000000007 0.0 0.0 0.0 0.6406569999999997 0.4350020000000001 0.4350020000000001 0.35112000000000004 0.0
27 SNU-175 PI3K 49.0 0.05478500000000001 0.059934999999999995 0.8334550000000004 0.176499 0.17431300000000002 0.0 0.0 0.0 0.616675 0.4469999999999999 0.4469999999999999 0.35757099999999997 0.0
28 LS1034 Zero 49.0 0.03751299999999999 0.022316 0.7036 0.23905100000000004 0.287114 0.0 0.0 0.0 0.0 0.36479999999999996 0.0 0.0 0.0
27 SNU-175 p53 49.0 0.056892 0.06384100000000001 0.285406 0.6877779999999999 0.7128809999999998 0.0 0.0 0.0 0.6088589999999998 0.44500000000000006 0.0 0.0 0.0
28 LS1034 BRAF 49.0 0.040014999999999995 0.025210999999999997 0.710548 0.237232 0.279581 0.0 0.0 0.0 0.0 0.3739989999999999 0.0 0.0 0.0
28 LS1034 PI3K 49.0 0.045856 0.029085 0.9054899999999999 0.08783600000000001 0.095069 0.0 0.0 0.0 0.0 0.3742 0.0 0.0 0.0
28 LS1034 p53 49.0 0.04059899999999999 0.025368999999999996 0.712292 0.23650599999999997 0.27938500000000005 0.0 0.0 0.0 0.0 0.3802 0.0 0.0 0.0
29 SW948 Zero 49.0 0.0 0.0 0.005097 0.714349 0.99435 0.0 0.0 0.0 0.6478919999999999 0.40880000000000005 0.40161300000000005 0.0026 0.0
29 SW948 BRAF 49.0 0.0 0.0 0.006594 0.728244 0.992911 0.0 0.0 0.0 0.6615049999999999 0.4088 0.4005109999999999 0.0018 0.0
29 SW948 PI3K 49.0 0.0 0.0 0.957245 0.035988 0.04947799999999999 0.0 0.0 0.0 0.6342319999999998 0.41579999999999995 0.40846499999999997 0.35251299999999997 0.0
29 SW948 p53 49.0 0.0 0.0 0.005632 0.734356 0.9940540000000001 0.0 0.0 0.0 0.6361629999999999 0.41300000000000003 0.0 0.0 0.0
30 G-361 Zero 49.0 0.018251 0.023428999999999995 0.49573100000000003 0.9097429999999996 0.7379979999999997 0.0 0.0 0.0 0.0 0.8306009999999998 0.7450680000000001 0.4772690000000001 0.0031500000000000005
30 G-361 BRAF 49.0 0.015399999999999999 0.020799999999999996 0.4967609999999999 0.9129109999999998 0.740845 0.0 0.0 0.0 0.0025700000000000002 0.839397 0.7471050000000001 0.47883599999999993 0.003064
30 G-361 PI3K 49.0 0.020200000000000003 0.026418 0.9950409999999998 0.6078959999999999 0.24025999999999997 0.0 0.0 0.0 0.0 0.8276009999999999 0.734092 0.729549 0.0016
30 G-361 p53 49.0 0.016909 0.022125999999999996 0.34919399999999995 0.9190440000000002 0.8057550000000001 0.0 0.0 0.0 0.0 0.8445990000000002 0.0 0.0 0.001768
31 SW48 Zero 49.0 0.0 0.0 0.0 0.996 1.0 0.0 0.0 0.0 1.0 0.5288 0.5288 0.004624 0.0
31 SW48 BRAF 49.0 0.0 0.0 0.0 0.9965999999999999 1.0 0.0 0.0 0.0 1.0 0.5238 0.5238 0.0034000000000000002 0.0
31 SW48 PI3K 49.0 0.0 0.0 0.9825160000000001 0.018199999999999997 0.018199999999999997 0.0 0.0 0.0 1.0 0.5332 0.5332 0.525912 0.0
31 SW48 p53 49.0 0.0 0.0 0.0 0.9952 1.0 0.0 0.0 0.0 1.0 0.5394 0.0 0.0034000000000000002 0.0
32 HMV-II Zero 49.0 0.024599999999999993 0.09455600000000007 0.5555929999999996 0.5160749999999998 0.31088700000000025 0.9999999999999994 0.6147379999999999 0.7676299999999997 0.0 0.3047999999999999 0.2835469999999999 0.10592000000000001 0.09772100000000011
32 HMV-II BRAF 49.0 0.026026999999999998 0.09387000000000005 0.5522839999999999 0.5181549999999997 0.31412699999999993 1.0 0.621586 0.7730099999999999 0.0 0.30319899999999966 0.2816399999999997 0.09795700000000002 0.09331800000000001
32 HMV-II PI3K 49.0 0.020399999999999995 0.08895200000000004 0.8184649999999996 0.40660699999999983 0.125589 1.000001999999999 0.6181069999999997 0.7621319999999998 0.0 0.3064019999999999 0.2898909999999999 0.18163300000000004 0.10023400000000002
32 HMV-II p53 49.0 0.02381499999999999 0.08751000000000005 0.5014699999999996 0.5381549999999996 0.3535360000000001 1.0000009999999997 0.6117169999999997 0.7642259999999998 0.0 0.30959999999999965 0.0 0.0 0.08191400000000004
33 CW-2 Zero 49.5 0.0 0.0 0.61476 0.363978 0.345309 0.0 0.0 0.9999979999999998 0.9999979999999998 0.188799 0.249615 0.29786500000000005 0.0
33 CW-2 BRAF 49.5 0.0 0.0 0.5983980000000001 0.38065000000000004 0.361504 0.0 0.0 0.9999990000000002 0.9999990000000002 0.173199 0.222539 0.272848 0.0
33 CW-2 PI3K 49.5 0.0 0.0 0.9026229999999998 0.129581 0.098219 0.0 0.0 1.000001 1.000001 0.1828 0.237043 0.28713700000000003 0.0
34 HT-115 Zero 49.0 0.060000000000000005 0.13049900000000003 0.021773 0.9706790000000002 0.9748090000000001 0.0 0.0 0.0002 0.6599469999999998 0.5718 0.35525599999999996 0.008974999999999999 0.0
34 HT-115 BRAF 49.0 0.05279999999999999 0.11806900000000001 0.020161 0.9750310000000002 0.9781310000000002 0.0 0.0 0.0002 0.6557379999999999 0.5710000000000001 0.34909399999999996 0.008509000000000001 0.0
33 CW-2 p53 49.5 0.0 0.0 0.38896000000000003 0.579024 0.569508 0.0 0.0 1.0000000000000002 1.0000000000000002 0.18620100000000003 0.0 0.008031 0.0
34 HT-115 PI3K 49.0 0.0548 0.12410300000000005 0.49236899999999995 0.51313 0.5117169999999999 0.0 0.0 0.0004 0.6587819999999999 0.5788009999999999 0.3569179999999999 0.19891000000000003 0.0
35 CaR-1 Zero 49.0 0.08520000000000001 0.08520000000000001 0.009978999999999998 0.9831279999999999 0.9868569999999998 0.0 0.0 0.0 0.7442369999999999 0.5559989999999998 0.0 0.0 0.0
34 HT-115 p53 49.0 0.05597699999999999 0.125067 0.0182 0.9757690000000001 0.9803709999999998 0.0 0.0 0.0 0.6581169999999998 0.5770019999999999 0.0 0.0 0.0
35 CaR-1 BRAF 49.0 0.07460000000000001 0.07460000000000001 0.008709 0.985403 0.9888119999999999 0.0 0.0 0.0 0.7479869999999998 0.562801 0.0 0.0 0.0
35 CaR-1 PI3K 49.0 0.0768 0.0768 1.0 0.0 0.0 0.0 0.0 0.0 0.740026 0.555 0.0 0.0 0.0
36 IGR-37 Zero 49.0 0.0 0.0 0.5645799999999999 0.836834 0.614171 0.0 0.0 0.0 0.0 0.6125999999999999 0.28652299999999997 0.077015 0.0
35 CaR-1 p53 49.0 0.07719999999999999 0.07719999999999999 0.011629999999999998 0.9823929999999998 0.9858539999999997 0.0 0.0 0.0 0.7413899999999997 0.5529999999999999 0.0 0.0 0.0
36 IGR-37 BRAF 49.0 0.0 0.0 0.5534849999999999 0.8384789999999999 0.619822 0.0 0.0 0.0 0.000634 0.6191999999999999 0.302054 0.09099900000000001 0.0
36 IGR-37 PI3K 49.0 0.0 0.0 0.9708759999999999 0.679088 0.28195600000000004 0.0 0.0 0.0 0.0 0.6138 0.286627 0.11379900000000001 0.0
36 IGR-37 p53 49.0 0.0 0.0 0.48619999999999997 0.8440409999999999 0.6412439999999999 0.0 0.0 0.0 0.0 0.613 0.0 0.0 0.0
37 RCM-1 Zero 49.0 0.03805599999999999 0.022599999999999995 0.7205079999999995 0.16508700000000007 0.2829539999999998 0.0 0.0 0.0 0.38162299999999993 0.5706009999999994 0.4394229999999999 0.399715 0.0
37 RCM-1 BRAF 49.0 0.037149999999999975 0.021069 0.6937419999999997 0.1806820000000001 0.3137919999999997 0.0 0.0 0.0 0.454539 0.5805989999999994 0.4313809999999999 0.391194 0.0
37 RCM-1 PI3K 49.0 0.0398 0.022414 0.9999999999999997 0.0 0.0 0.0 0.0 0.0 0.341579 0.5747999999999999 0.4318850000000001 0.4187990000000001 0.0
37 RCM-1 p53 49.0 0.034784999999999996 0.019909 0.5444359999999999 0.26627599999999996 0.456355 0.0 0.0 0.0 0.399654 0.5771989999999998 0.0 0.0 0.0
38 COLO-679 Zero 49.0 0.0 0.0 0.5592149999999999 0.7404480000000001 0.5886380000000001 0.0 0.6026619999999999 0.6088369999999999 0.0 0.6103999999999999 0.6072649999999999 0.479539 0.0
38 COLO-679 BRAF 49.0 0.0 0.0 0.5495869999999999 0.7470030000000001 0.592709 0.0 0.6008750000000002 0.6061260000000003 0.0038030000000000004 0.5954 0.5932310000000002 0.458446 0.0
38 COLO-679 PI3K 49.0 0.0 0.0 0.9860229999999998 0.43160299999999996 0.167015 0.0 0.6182799999999998 0.623745 0.0 0.612401 0.609801 0.609001 0.0
38 COLO-679 p53 49.0 0.0 0.0 0.327898 0.8308169999999999 0.7469200000000001 0.0 0.6028330000000001 0.609434 0.0 0.594199 0.0 0.0 0.0
39 K2 Zero 49.0 0.017184 0.016806 0.174315 0.8742530000000001 0.876193 1.0 0.0 0.30334199999999995 0.0 0.25939999999999996 0.25939999999999996 0.11242699999999999 0.0
39 K2 BRAF 49.5 0.016016 0.015825 0.14616700000000005 0.8905279999999999 0.893996 0.999998 0.24092399999999997 0.5273079999999999 0.030082999999999995 0.24559799999999998 0.24559799999999998 0.10925900000000001 0.0
39 K2 PI3K 49.0 0.015761 0.0156 0.5845370000000001 0.5196929999999998 0.5197009999999999 0.9999989999999999 0.0 0.29898100000000005 0.0 0.261399 0.261399 0.14864900000000003 0.0
39 K2 p53 49.0 0.014218999999999999 0.013999999999999999 0.08278200000000001 0.941131 0.943972 1.0000019999999998 0.0 0.312634 0.0 0.253201 0.0 0.0 0.0
40 GAK Zero 49.0 0.0 0.0 0.213335 0.8003770000000001 0.794685 1.0 0.052542000000000005 0.044611 0.005 0.5202000000000001 0.506987 0.14789699999999997 0.005722
40 GAK BRAF 49.0 0.0 0.0 0.210247 0.7990740000000001 0.794058 0.9999989999999999 0.05913399999999999 0.04935899999999999 0.006 0.511599 0.5004040000000001 0.14728099999999997 0.004024
40 GAK PI3K 49.0 0.0 0.0 0.44574199999999986 0.567394 0.5605300000000001 0.9999999999999999 0.034168000000000004 0.029127999999999998 0.004735 0.5045999999999998 0.490754 0.21432300000000004 0.00426
40 GAK p53 49.0 0.0 0.0 0.12899000000000002 0.8777489999999999 0.8728809999999999 1.000001 0.051026999999999996 0.041971999999999995 0.0044 0.5106 0.0 0.0 0.006504
41 COLO-792 Zero 49.0 0.0 0.0 0.4367109999999999 0.7448399999999998 0.7455869999999998 0.0 0.404819 0.41755899999999996 0.006874 0.11459900000000002 0.11459900000000002 0.11519900000000001 0.0
41 COLO-792 BRAF 49.0 0.0 0.0 0.41553799999999996 0.756544 0.7588950000000001 0.0 0.414001 0.430601 0.0069099999999999995 0.10799900000000001 0.10799900000000001 0.10799900000000001 0.0
41 COLO-792 PI3K 49.0 0.0 0.0 0.8383389999999997 0.512171 0.50666 0.0 0.41283499999999995 0.42744499999999996 0.0076 0.1126 0.1126 0.112 0.0
41 COLO-792 p53 49.0 0.0 0.0 0.381607 0.7733219999999998 0.7755519999999999 0.0 0.4196810000000001 0.433386 0.007878 0.114401 0.0 0.0 0.0
42 SH-4 Zero 49.0 0.029 0.026827999999999998 0.8104060000000001 0.37800099999999986 0.35131999999999997 0.0 0.0 0.0 0.0 0.5933999999999997 0.5816409999999999 0.5803090000000001 0.0
42 SH-4 BRAF 49.0 0.030409999999999996 0.027910999999999995 0.792854 0.39262900000000006 0.3686520000000001 0.0 0.0 0.0 0.018784999999999996 0.5882000000000001 0.572914 0.570427 0.0
42 SH-4 PI3K 49.0 0.0354 0.031679 0.999802 0.18703300000000006 0.16313800000000003 0.0 0.0 0.0 0.0 0.5842019999999999 0.5727939999999999 0.5756979999999998 0.0
42 SH-4 p53 49.0 0.034237 0.031 0.5746919999999999 0.556181 0.5407270000000001 0.0 0.0 0.0 0.0 0.565001 0.0 0.005787 0.0
43 SNU-81 Zero 49.0 0.04915399999999999 0.048860999999999995 0.309552 0.7512389999999998 0.579977 0.0 0.0 0.0 0.6546669999999999 0.4121989999999999 0.4121989999999999 0.127293 0.0
43 SNU-81 BRAF 49.0 0.044618 0.044323 0.2981620000000001 0.757489 0.5938799999999999 0.0 0.0 0.0 0.6623849999999999 0.41560299999999994 0.41560299999999994 0.114353 0.0
43 SNU-81 PI3K 49.0 0.04686699999999999 0.04654899999999999 0.761563 0.4953999999999999 0.20119 0.0 0.0 0.0 0.656003 0.4265999999999998 0.4265999999999998 0.319606 0.0
43 SNU-81 p53 49.0 0.04694800000000001 0.04667700000000001 0.30132699999999996 0.7464160000000001 0.5852269999999998 0.0 0.0 0.0 0.65738 0.41579900000000003 0.0 0.0 0.0
44 CCK-81 Zero 49.0 0.0 0.0 0.0068000000000000005 0.990494 0.990789 0.0 0.0 0.0 0.5333310000000001 0.547 0.5568280000000001 0.0 0.013765999999999999
44 CCK-81 BRAF 49.0 0.0 0.0 0.006661 0.9903620000000001 0.99088 0.0 0.0 0.0 0.5408179999999999 0.548199 0.5585990000000001 0.0 0.014471
44 CCK-81 PI3K 49.0 0.0 0.0 1.0 0.0 0.0 0.0 0.0 0.0 0.518121 0.5522 0.566509 0.5670000000000001 0.0
45 MMAc-SF Zero 49.0 0.0 0.569921 0.6138390000000002 0.4037709999999999 0.3867219999999999 1.0000010000000001 0.0 0.0 0.0 0.5512000000000004 0.28201499999999996 0.26029199999999997 0.4959450000000001
45 MMAc-SF BRAF 49.5 0.0 0.5949729999999999 0.3325869999999998 0.6996999999999999 0.6590509999999999 0.9999979999999999 0.2577769999999999 0.27072899999999994 0.03513799999999999 0.5544000000000002 0.278239 0.23826699999999998 0.49712399999999973
44 CCK-81 p53 49.0 0.0 0.0 0.007023 0.989648 0.989859 0.0 0.0 0.0 0.5212000000000001 0.5538000000000001 0.0 0.0 0.0
45 MMAc-SF PI3K 49.0 0.0 0.5673680000000001 0.9998000000000001 0.0021709999999999998 0.0002 1.0 0.0 0.0 0.0 0.5544 0.279392 0.277487 0.5008459999999999
45 MMAc-SF p53 49.0 0.0 0.584371 0.505106 0.500194 0.495002 1.0000010000000001 0.0 0.0 0.0 0.548401 0.0 0.0 0.491281
46 A101D Zero 49.0 0.026160999999999993 0.025861999999999993 0.5446679999999999 0.806076 0.7250489999999998 0.0 0.6141279999999999 0.6294979999999999 0.0 0.503199 0.5011989999999998 0.384795 0.0004
46 A101D BRAF 49.0 0.026 0.025643 0.5268719999999998 0.8241129999999999 0.7451990000000001 0.0 0.6159780000000002 0.636673 0.069074 0.4973989999999999 0.49619899999999995 0.3747730000000001 0.00075
46 A101D PI3K 49.0 0.024886 0.024494 0.9999989999999999 0.49991399999999975 0.34628299999999984 0.0 0.6025039999999999 0.6241779999999998 0.0 0.49639899999999976 0.4953989999999998 0.4953989999999998 0.0012000000000000001
46 A101D p53 49.0 0.023235000000000002 0.022937000000000003 0.30425900000000006 0.8836039999999997 0.837478 0.0 0.6124919999999998 0.6304959999999998 0.0 0.5110019999999998 0.0 0.0 0.0
47 SK-MEL-2 Zero 49.0 0.031516 0.038367 0.016614999999999998 0.987405 0.986044 0.9999979999999998 0.6368849999999999 0.732895 0.0 0.5329999999999999 0.0 0.0 0.0
47 SK-MEL-2 BRAF 49.0 0.032428 0.039183 0.013411000000000001 0.9912 0.989977 0.9999999999999999 0.653376 0.748439 0.0 0.5389999999999999 0.0 0.0 0.0
47 SK-MEL-2 PI3K 49.0 0.030732999999999993 0.037896 0.9231589999999998 0.10785000000000003 0.09683100000000003 0.9999999999999999 0.6497839999999999 0.7386349999999998 0.0 0.5220009999999997 0.0 0.0 0.0
47 SK-MEL-2 p53 49.0 0.032162 0.03615999999999999 0.016889000000000005 0.9875999999999996 0.9867739999999996 1.0000009999999995 0.6448399999999997 0.7353769999999997 0.0 0.5386009999999998 0.0 0.0 0.0
48 CHL-1 Zero 49.5 0.19093800000000002 0.27469899999999997 0.006381999999999999 0.9999999999999998 0.9991689999999999 0.9999999999999998 0.8533409999999999 0.92003 0.0 0.522401 0.0 0.0 0.0
48 CHL-1 BRAF 49.5 0.188364 0.26490400000000003 0.00468 0.9998009999999998 0.9998009999999998 1.000001 0.8481970000000001 0.919544 0.0 0.5247999999999999 0.0 0.0 0.0
48 CHL-1 PI3K 49.5 0.197078 0.275856 0.9983979999999999 0.5448109999999999 0.4697159999999999 0.9999979999999999 0.831598 0.9075339999999998 0.0 0.5374 0.0 0.0 0.0
48 CHL-1 p53 49.5 0.18814599999999998 0.27049799999999996 0.004799999999999999 0.9998 0.9992000000000001 1.0 0.850248 0.9147630000000001 0.0 0.530201 0.0 0.0 0.0
49 SW1417 Zero 49.0 0.19500099999999998 0.19500099999999998 0.621124 0.45300900000000016 0.44680400000000003 0.0 0.0 0.0 0.6332819999999999 0.5457999999999998 0.4064079999999999 0.367746 0.0
49 SW1417 BRAF 49.0 0.19740100000000005 0.19740100000000005 0.5392649999999999 0.5534109999999999 0.5451119999999999 0.0 0.0 0.0 0.8116080000000001 0.5459979999999998 0.40818099999999996 0.363723 0.0
49 SW1417 PI3K 49.0 0.2028 0.2028 0.9999999999999999 0.00612 0.005704 0.0 0.0 0.0 0.631821 0.5439999999999999 0.404127 0.383339 0.0
50 IGR-1 Zero 49.0 0.0 0.0 0.60855 0.455007 0.450626 0.0 0.0 0.0 0.0 0.325601 0.2765699999999999 0.231364 0.0
49 SW1417 p53 49.0 0.18740100000000004 0.18740100000000004 0.39593399999999995 0.6592810000000001 0.6540150000000001 0.0 0.0 0.0 0.630816 0.5310010000000001 0.0 0.0 0.0
50 IGR-1 BRAF 49.0 0.0 0.0 0.6056200000000002 0.4614459999999999 0.4576029999999999 0.0 0.0 0.0 0.055749 0.3265999999999999 0.2783509999999999 0.22972299999999998 0.0
50 IGR-1 PI3K 49.0 0.0 0.0 0.9918300000000001 0.065758 0.06112400000000001 0.0 0.0 0.0 0.0 0.3156 0.271612 0.264181 0.0
50 IGR-1 p53 49.0 0.0 0.0 0.50753 0.528886 0.528933 0.0 0.0 0.0 0.0 0.331401 0.0 0.0 0.0
51 COLO-320-HSR Zero 49.0 0.03719999999999999 0.034246000000000006 0.13543199999999994 0.694218 0.8269129999999999 0.0 0.0 0.0 0.0002 0.38039900000000004 0.0 0.0 0.0
51 COLO-320-HSR BRAF 49.0 0.041826999999999996 0.038642 0.12851700000000002 0.703007 0.8297000000000001 0.0 0.0 0.0 0.0004 0.40739899999999996 0.0 0.0 0.0
51 COLO-320-HSR PI3K 49.0 0.0326 0.0308 0.9999999999999999 0.0 0.0 0.0 0.0 0.0 0.0004 0.3786 0.0 0.0 0.0
51 COLO-320-HSR p53 49.0 0.036000000000000004 0.031687 0.131353 0.7045770000000001 0.8308340000000002 0.0 0.0 0.0 0.0002 0.38779900000000006 0.0 0.0 0.0
52 GP5d Zero 49.0 0.0 0.0 0.0069440000000000005 0.8870849999999999 0.957765 0.0 0.0 0.025978999999999995 0.7478569999999999 0.4164 0.41659999999999997 0.0 0.0002
52 GP5d BRAF 49.0 0.0 0.0 0.008819 0.8761149999999999 0.9516219999999999 0.0 0.0 0.027804999999999996 0.741984 0.41040099999999996 0.41060099999999994 0.0 0.0002
52 GP5d PI3K 49.0 0.0 0.0 0.8779910000000001 0.107774 0.11765799999999998 0.0 0.0 0.026475000000000002 0.7474399999999999 0.4102000000000001 0.4102000000000001 0.339937 0.0
52 GP5d p53 49.0 0.0 0.0 0.009348000000000002 0.880588 0.9534180000000002 0.0 0.0 0.027669 0.7434679999999999 0.4007989999999999 0.0 0.0 0.0
53 COLO-205 Zero 49.0 0.21620000000000011 0.21269600000000005 0.7392999999999997 0.20498600000000006 0.20974900000000005 0.0 0.0 0.0 0.113595 0.6954009999999999 0.7047009999999998 0.5218179999999999 0.0015999999999999999
53 COLO-205 BRAF 49.0 0.21920000000000006 0.216429 0.7198259999999999 0.22243900000000003 0.22613399999999997 0.0 0.0 0.0 0.6392939999999998 0.6879999999999998 0.6953679999999999 0.5129859999999999 0.001913
53 COLO-205 PI3K 49.0 0.20942800000000003 0.20456 0.8202400000000001 0.14573000000000005 0.14605900000000002 0.0 0.0 0.0 0.11279500000000002 0.6855990000000002 0.691799 0.555489 0.0016000000000000003
53 COLO-205 p53 49.0 0.21892099999999998 0.214505 0.684672 0.24822099999999997 0.25364200000000003 0.0 0.0 0.0 0.11652100000000001 0.6850009999999997 0.0 0.0 0.0
54 SNU-407 Zero 49.0 0.27880000000000005 0.27880000000000005 0.019312000000000003 0.9739749999999998 0.9762039999999998 0.0 0.0 1.000001 0.0024000000000000002 0.441401 0.441201 0.009611999999999999 0.004199999999999999
54 SNU-407 BRAF 49.0 0.2829999999999999 0.2829999999999999 0.022076 0.970627 0.9730650000000001 0.0 0.0 1.0000010000000001 0.0026 0.458601 0.459001 0.011421 0.0042
54 SNU-407 PI3K 49.0 0.2716 0.2716 0.9999990000000002 0.0 0.0 0.0 0.0 0.9999990000000002 0.00398 0.46540000000000004 0.465498 0.46545000000000003 0.0008759999999999999
54 SNU-407 p53 49.0 0.2844 0.2844 0.018718 0.97199 0.973981 0.0 0.0 1.000001 0.0024000000000000002 0.45719999999999994 0.0 0.0 0.0012000000000000001
55 451Lu Zero 49.0 0.016 0.009621999999999999 0.5605119999999999 0.721863 0.5429390000000001 0.999999 0.0 0.0 0.0 0.3055999999999999 0.0 0.0 0.0
55 451Lu BRAF 49.5 0.014220000000000003 0.008199999999999999 0.4705259999999999 0.7702279999999999 0.6107720000000001 0.9999999999999998 0.21522500000000003 0.19988300000000003 0.014202 0.30639999999999984 0.0 0.0 0.0
55 451Lu PI3K 49.0 0.016825999999999997 0.009806 0.873893 0.548855 0.267096 0.9999990000000002 0.0 0.0 0.0 0.31039900000000004 0.0 0.0 0.0
55 451Lu p53 49.0 0.015923 0.009 0.5556999999999999 0.7271329999999998 0.5348430000000001 0.9999999999999998 0.0 0.0 0.0 0.307 0.0 0.0 0.0
56 WM278 Zero 49.0 0.06785499999999998 0.23799900000000013 0.7194309999999999 0.3015189999999999 0.2826659999999999 1.0000009999999993 0.43699799999999994 0.5234049999999996 0.0 0.6627999999999997 0.6591019999999999 0.640837 0.006783999999999998
56 WM278 BRAF 49.5 0.0655 0.228501 0.6542949999999998 0.35639199999999993 0.34615199999999985 1.0000019999999998 0.993776 0.9992879999999998 0.0 0.6792019999999999 0.6732019999999999 0.6525209999999999 0.010424000000000001
56 WM278 PI3K 49.0 0.071533 0.25025400000000003 0.9996020000000001 0.0006000000000000001 0.0004 1.000002 0.445081 0.534017 0.0 0.6602009999999999 0.6555179999999999 0.654801 0.0074529999999999996
57 A375 Zero 49.0 0.030597 0.030579 0.8320289999999998 0.167992 0.166762 0.0 0.0 0.012461 0.0 0.5027999999999999 0.5027999999999999 0.5027999999999999 0.0
56 WM278 p53 49.0 0.06947300000000001 0.24701400000000007 0.21874400000000005 0.8057119999999998 0.7806679999999999 1.0000019999999996 0.44179 0.5307919999999998 0.0 0.6791989999999998 0.0 0.0 0.010352
57 A375 BRAF 49.0 0.029077 0.028735 0.8393619999999997 0.16181500000000001 0.15810700000000003 0.0 0.0 0.013994 0.014494 0.5039999999999999 0.5039999999999999 0.5039999999999999 0.0
57 A375 PI3K 49.0 0.028396 0.028163 1.0 0.0 0.0 0.0 0.0 0.013430000000000001 0.0 0.4988 0.4988 0.4988 0.0
57 A375 p53 49.0 0.032181 0.031987 0.668635 0.330719 0.32653 0.0 0.0 0.012937000000000002 0.0 0.4959999999999999 0.0 0.0 0.0
58 IST-MEL1 Zero 49.0 0.038125 0.037759 0.08151199999999999 0.964659 0.9332039999999999 0.9999979999999999 0.6015649999999999 0.6131969999999999 0.38317599999999996 0.5411989999999999 0.0 0.0 0.0
58 IST-MEL1 BRAF 49.5 0.03479999999999999 0.03459999999999999 0.00899 0.9976499999999995 0.9936089999999997 1.0000019999999996 0.8885009999999998 0.8944349999999998 0.3746150000000001 0.5452009999999997 0.0 0.0 0.0
58 IST-MEL1 PI3K 49.0 0.03170699999999999 0.030791 0.8702580000000002 0.32605199999999984 0.157847 1.0000040000000003 0.6061230000000001 0.6175140000000001 0.38424699999999995 0.546599 0.0 0.0 0.0
58 IST-MEL1 p53 49.0 0.032592 0.032311000000000006 0.08376499999999999 0.9662589999999999 0.9316529999999998 0.9999999999999999 0.601663 0.6115249999999999 0.37820699999999996 0.5232 0.0 0.0 0.0
59 RKO Zero 49.0 0.0 0.072744 0.0 0.9999990000000001 0.9999990000000001 0.0 0.0 0.0 0.0 0.540999 0.501524 0.0 0.049664
59 RKO BRAF 49.0 0.0 0.071324 0.0 1.0000010000000001 1.0000010000000001 0.0 0.0 0.0 0.046141999999999996 0.534 0.492927 0.0 0.047265999999999996
59 RKO PI3K 49.0 0.0 0.071309 0.9922219999999996 0.009173000000000002 0.008924000000000001 0.0 0.0 0.0 0.0 0.5375989999999998 0.49695800000000007 0.492883 0.053155
59 RKO p53 49.0 0.0 0.076306 0.0 1.000001 1.000001 0.0 0.0 0.0 0.0 0.5378 0.0 0.0 0.046436
60 COLO-829 Zero 49.0 0.016999999999999998 0.015406999999999999 0.3884789999999999 0.621052 0.6110580000000001 0.0 0.4246389999999998 0.4298769999999998 0.0 0.6527999999999998 0.6390149999999999 0.33618299999999984 0.01896
60 COLO-829 BRAF 49.0 0.017199999999999997 0.015200000000000002 0.375579 0.6284829999999997 0.6194579999999996 0.0 0.4065229999999998 0.41113299999999986 0.05568899999999999 0.6516019999999998 0.6388109999999999 0.3262239999999998 0.019274
60 COLO-829 PI3K 49.0 0.014200000000000003 0.013800000000000003 0.9989989999999996 0.001043 0.001 0.0 0.41001799999999994 0.4150839999999999 0.0 0.6577989999999998 0.6420319999999999 0.6500059999999999 0.020799999999999996
60 COLO-829 p53 49.0 0.015799999999999998 0.014242 0.233941 0.7689599999999999 0.7644969999999999 0.0 0.41590900000000003 0.420926 0.0 0.654201 0.0 0.024836000000000004 0.020168000000000002
61 LB373-MEL-D Zero 49.0 0.035390000000000005 0.38965999999999973 0.33034599999999986 0.772232 0.6561020000000003 0.9999989999999999 0.0 0.0 0.0 0.8591989999999998 0.8205849999999999 0.19062000000000004 0.047746
61 LB373-MEL-D BRAF 49.0 0.033347 0.388775 0.331499 0.7850959999999998 0.6600920000000001 1.0000029999999995 0.0 0.0 0.0 0.8658019999999996 0.8267519999999997 0.19601599999999997 0.045565999999999995
61 LB373-MEL-D PI3K 49.0 0.03980000000000001 0.390946 0.6776740000000001 0.5535689999999999 0.31873500000000005 0.999997 0.0 0.0004 0.0 0.8741979999999998 0.8304219999999999 0.511715 0.049445
61 LB373-MEL-D p53 49.0 0.035297 0.399425 0.2545889999999999 0.8056609999999998 0.728455 1.0000009999999997 0.0 0.0004 0.0 0.8685999999999996 0.0 0.0029010000000000004 0.04076699999999999
62 COLO-678 Zero 49.0 0.13439900000000005 0.19755200000000003 0.5886149999999998 0.7400549999999998 0.7369459999999998 0.0 0.0 0.0 0.8561250000000001 0.6902019999999995 0.512503 0.43345499999999976 0.26020699999999997
62 COLO-678 BRAF 49.0 0.13640000000000002 0.20576000000000008 0.5675379999999999 0.7457679999999998 0.7426749999999996 0.0 0.0 0.0 0.8548629999999995 0.6788009999999995 0.49681099999999995 0.4226979999999999 0.26392299999999985
62 COLO-678 PI3K 49.0 0.1376 0.21039799999999997 1.0000019999999998 0.26126099999999997 0.25851999999999997 0.0 0.0 0.0 0.8569959999999998 0.6900009999999998 0.508237 0.5104949999999998 0.2677809999999999
62 COLO-678 p53 49.0 0.13299999999999998 0.195408 0.310358 0.8968980000000002 0.8942180000000002 0.0 0.0 0.0 0.8582670000000001 0.707599 0.0 0.0049 0.264496
63 LoVo Zero 49.0 0.11439999999999999 0.11425799999999998 0.7337389999999996 0.258961 0.2693 0.0 0.0 0.0 0.6291579999999999 0.44819999999999993 0.4478 0.447412 0.0008
63 LoVo BRAF 49.0 0.11739900000000002 0.11739900000000002 0.7327530000000001 0.261532 0.269962 0.0 0.0 0.0 0.624495 0.46199999999999997 0.4614 0.461 0.0006000000000000001
63 LoVo PI3K 49.0 0.11700100000000001 0.11687600000000001 0.997201 0.0032 0.0031950000000000004 0.0 0.0 0.0 0.615952 0.45820099999999997 0.45820099999999997 0.45820099999999997 0.00042500000000000003
63 LoVo p53 49.0 0.11340000000000004 0.11332300000000003 0.5170570000000001 0.470895 0.4881759999999999 0.0 0.0 0.0 0.6315429999999999 0.46759899999999993 0.0 0.0 0.0012000000000000001
64 G-MEL Zero 49.0 0.0 0.0 0.4873309999999999 0.5150289999999997 0.5103269999999999 1.0000019999999998 0.6060130000000001 0.736872 0.0 0.04439999999999999 0.04459999999999999 0.02152799999999999 0.0002
64 G-MEL BRAF 49.5 0.0 0.0 0.500077 0.500044 0.495572 1.0000010000000001 0.9985120000000002 0.9997340000000001 0.0 0.0478 0.0478 0.023834 0.0
64 G-MEL PI3K 49.0 0.0 0.0 0.6065879999999998 0.401591 0.393107 1.0000019999999998 0.6157659999999999 0.7462869999999997 0.0 0.046 0.0464 0.02517699999999999 0.0
64 G-MEL p53 49.0 0.0 0.0 0.4893729999999999 0.50938 0.50745 1.000002 0.614174 0.750203 0.0 0.04639999999999999 0.0 0.0024000000000000002 0.0
65 MZ7-mel Zero 49.0 0.0 0.0 0.28338399999999997 0.7735569999999999 0.7278499999999999 0.9999999999999999 0.0 0.0 0.0 0.704 0.704 0.265397 0.0
65 MZ7-mel BRAF 49.5 0.0 0.0 0.27287199999999995 0.787524 0.7382559999999999 0.9999999999999999 0.10464100000000003 0.092005 0.001232 0.702999 0.702999 0.26539 0.0
65 MZ7-mel PI3K 49.0 0.0 0.0 0.526024 0.5478590000000001 0.487299 1.0 0.0 0.0 0.0 0.6894 0.6894 0.37290199999999996 0.0
65 MZ7-mel p53 49.0 0.0 0.0 0.10909500000000001 0.920165 0.896014 0.9999990000000001 0.0 0.0 0.0 0.6942 0.0 0.0 0.0
66 HT-29 Zero 49.0 0.001999 0.003517 0.053596 0.9294069999999999 0.945533 0.0 0.0 0.0014460000000000002 0.5959940000000001 0.4098 0.0 0.0 0.0
66 HT-29 BRAF 49.0 0.0019440000000000002 0.004 0.061366000000000004 0.9211589999999998 0.9380949999999998 0.0 0.0 0.0006 0.8329449999999998 0.405 0.0 0.0 0.0
66 HT-29 PI3K 49.0 0.002035 0.004 0.7503429999999999 0.284091 0.28667800000000004 0.0 0.0 0.0016 0.6081409999999999 0.4097999999999999 0.0 0.0 0.0
66 HT-29 p53 49.0 0.0026000000000000003 0.005621 0.05864 0.9219109999999999 0.9408540000000001 0.0 0.0 0.0012000000000000001 0.6043240000000001 0.4084 0.0 0.0 0.0
67 SK-MEL-30 Zero 49.0 0.0 0.0 0.3542880000000001 0.8222419999999998 0.654264 0.0 0.6028659999999999 0.6048659999999999 0.0 0.3364000000000001 0.3340340000000001 0.215453 0.0
67 SK-MEL-30 BRAF 49.0 0.0 0.0 0.3427349999999999 0.8249689999999997 0.6629289999999998 0.0 0.5889690000000001 0.5908329999999999 0.0 0.3332009999999999 0.3313429999999999 0.21253499999999997 0.0
67 SK-MEL-30 PI3K 49.0 0.0 0.0 0.7422230000000001 0.5938960000000001 0.27212600000000003 0.0 0.604291 0.6060789999999999 0.0 0.327999 0.3261989999999999 0.224959 0.0
67 SK-MEL-30 p53 49.0 0.0 0.0 0.18118900000000004 0.9110529999999999 0.821832 0.0 0.5956670000000001 0.597269 0.0 0.328201 0.0 0.0 0.0
68 LS-411N Zero 49.0 0.0372 0.0372 0.6933939999999997 0.3214619999999999 0.28692499999999993 0.0 0.0 0.0 0.281975 0.4985989999999999 0.4634299999999999 0.376648 0.0
68 LS-411N BRAF 49.0 0.03519999999999999 0.03519999999999999 0.5791990000000001 0.423714 0.38607600000000003 0.0 0.0 0.0 0.5103099999999999 0.4877990000000001 0.45748900000000003 0.36218600000000006 0.0
68 LS-411N PI3K 49.0 0.043357 0.043559999999999995 0.9965539999999999 0.008682 0.0037730000000000003 0.0 0.0 0.0 0.28770300000000004 0.4921999999999999 0.4576409999999999 0.39970199999999995 0.0
68 LS-411N p53 49.0 0.03699999999999999 0.03699999999999999 0.501597 0.4859359999999999 0.463418 0.0 0.0 0.0 0.288751 0.48600200000000005 0.0 0.0 0.0
69 RVH-421 Zero 49.0 0.03132 0.031337 0.383527 0.6355389999999999 0.6274869999999998 0.9999989999999997 0.6022850000000001 0.6117899999999998 0.0 0.5927999999999999 0.592101 0.371488 0.0006000000000000001
69 RVH-421 BRAF 49.5 0.033220000000000006 0.032716 0.3617359999999999 0.6545079999999999 0.64715 1.0000019999999998 0.98252 0.9845619999999998 0.0 0.5912009999999999 0.5911939999999999 0.36435299999999987 0.0
69 RVH-421 PI3K 49.0 0.036734 0.03658600000000001 0.7475149999999999 0.27162500000000006 0.264088 1.000001 0.618117 0.6253789999999999 0.0 0.578599 0.578199 0.43014099999999994 0.0004
69 RVH-421 p53 49.0 0.033343000000000005 0.032953 0.03999799999999999 0.9655849999999998 0.9626119999999998 1.000001 0.60947 0.621447 0.0 0.5959999999999999 0.0 0.0002 0.0004
70 MDST8 Zero 49.0 0.06506200000000001 0.063586 0.7637799999999997 0.2322850000000001 0.2387670000000001 0.0 0.0 0.0 0.6228849999999998 0.5521989999999999 0.5389619999999998 0.5213939999999999 0.030334999999999997
70 MDST8 BRAF 49.0 0.067591 0.066457 0.6236349999999999 0.37107700000000005 0.38347699999999996 0.0 0.0 0.0 0.7151929999999997 0.5633980000000001 0.549715 0.5203829999999997 0.03121699999999999
70 MDST8 PI3K 49.0 0.07383900000000003 0.07263200000000002 0.991994 0.009976 0.009575 0.0 0.0 0.0 0.6169089999999999 0.554198 0.536868 0.5363000000000001 0.035277
70 MDST8 p53 49.0 0.06520000000000002 0.06413000000000002 0.5259929999999999 0.46465200000000006 0.4742099999999999 0.0 0.0 0.0 0.614602 0.57 0.0 0.005013999999999999 0.027445999999999998
71 CP67-MEL Zero 49.0 0.09344600000000004 0.10058200000000009 0.07880300000000005 0.9844089999999996 0.9380579999999998 0.9999979999999996 0.6176679999999999 0.6079600000000001 0.0 0.7011979999999997 0.510926 0.08751700000000005 0.263771
71 CP67-MEL BRAF 49.5 0.10136500000000002 0.10641400000000004 0.053174 0.9885589999999994 0.9567499999999993 0.9999999999999992 0.8769999999999997 0.7891879999999998 0.0 0.7020009999999997 0.5061999999999998 0.07871000000000003 0.2661520000000001
71 CP67-MEL PI3K 49.0 0.10415900000000006 0.10860900000000008 0.7267269999999998 0.7041829999999999 0.3203299999999996 0.9999969999999998 0.6215019999999998 0.6073459999999999 0.0 0.6979979999999995 0.500219 0.39155199999999996 0.2687309999999997
72 MEL-JUSO Zero 49.0 0.026223000000000003 0.016045999999999998 0.7154839999999999 0.285005 0.28574 0.0 0.0 0.0 0.0 0.3222 0.3222 0.321526 0.0
71 CP67-MEL p53 49.0 0.09203600000000003 0.09952400000000002 0.059271000000000004 0.9866279999999998 0.9509499999999999 0.9999989999999995 0.6118439999999997 0.5963069999999999 0.0 0.7011989999999997 0.0 0.03237099999999999 0.266828
72 MEL-JUSO BRAF 49.0 0.021400000000000002 0.013468999999999998 0.730961 0.269198 0.268929 0.0 0.0 0.0 0.0 0.3236 0.3236 0.3234 0.0
72 MEL-JUSO PI3K 49.0 0.0244 0.014856000000000001 0.9975999999999999 0.0054 0.004771 0.0 0.0 0.0 0.0 0.3218 0.3218 0.32099999999999995 0.0
72 MEL-JUSO p53 49.0 0.026312000000000002 0.016 0.569436 0.43091499999999994 0.431726 0.0 0.0 0.0 0.0 0.31840100000000005 0.0 0.0 0.0
73 SK-MEL-5 Zero 49.0 0.024323 0.0222 0.7288350000000002 0.320132 0.30023900000000003 0.0 0.0 0.0 1.000002 0.502402 0.49860200000000005 0.487228 0.0
73 SK-MEL-5 BRAF 49.0 0.022524999999999996 0.020999999999999998 0.7123799999999999 0.3388909999999999 0.31937799999999994 0.0 0.0 0.0 0.9999989999999999 0.49839999999999984 0.49603999999999987 0.4871259999999999 0.0
73 SK-MEL-5 PI3K 49.0 0.024040999999999996 0.022753999999999996 0.9868000000000001 0.042112 0.030414999999999998 0.0 0.0 0.0 0.999999 0.4969990000000001 0.49396400000000007 0.49259900000000006 0.0
73 SK-MEL-5 p53 49.0 0.022399999999999996 0.020399999999999998 0.48951900000000004 0.5280869999999999 0.521635 0.0 0.0 0.0 1.0 0.4944 0.0 0.0 0.0
74 SW620 Zero 49.0 0.125623 0.115798 0.371811 0.6422899999999999 0.6308189999999999 0.0 0.0 0.0 0.0 0.6953999999999999 0.0 0.0 0.0
74 SW620 BRAF 49.0 0.122876 0.11474000000000001 0.361611 0.6584759999999998 0.642354 0.0 0.0 0.0 0.0 0.6870020000000001 0.0 0.0 0.0
74 SW620 PI3K 49.0 0.123458 0.112974 0.87027 0.15211899999999998 0.136144 0.0 0.0 0.0 0.0 0.6978000000000002 0.0 0.0 0.0
74 SW620 p53 49.0 0.12429 0.11114600000000001 0.374488 0.6409420000000002 0.6279970000000001 0.0 0.0 0.0 0.0 0.6780000000000003 0.0 0.0 0.0
75 C2BBe1 Zero 49.5 0.6253749999999999 0.891383 0.31616599999999995 0.6768789999999999 0.6996939999999998 0.0 0.0 0.0 0.6931340000000001 0.3095999999999999 0.19373600000000002 0.084892 0.0
75 C2BBe1 BRAF 49.5 0.6243310000000002 0.8946470000000002 0.33194199999999957 0.6550779999999999 0.6823979999999998 0.0 0.0 0.0 0.6999250000000001 0.32119899999999973 0.189453 0.08617400000000001 0.0
75 C2BBe1 PI3K 49.0 0.630663 0.8974489999999999 0.757407 0.27014799999999983 0.2792019999999999 0.0 0.0 0.0 0.6935399999999997 0.31139900000000004 0.19641100000000003 0.12458999999999998 0.0
76 Mewo Zero 49.0 0.0 0.0 0.306791 0.8034510000000001 0.628436 0.0 0.0 0.0 0.00043200000000000004 0.36599999999999994 0.36599999999999994 0.065967 0.0
75 C2BBe1 p53 49.0 0.6397020000000002 0.8999920000000001 0.282505 0.691089 0.7234289999999998 0.0 0.0 0.0 0.6985239999999999 0.31579999999999997 0.0 0.0 0.0
76 Mewo BRAF 49.0 0.0 0.0 0.306496 0.8126539999999999 0.6328189999999999 0.0 0.0 0.0 0.0008 0.3660009999999999 0.3660009999999999 0.066694 0.0
76 Mewo PI3K 49.0 0.0 0.0 0.49521000000000004 0.719282 0.46606499999999995 0.0 0.0 0.0 0.0007499999999999999 0.376798 0.376798 0.088809 0.0
76 Mewo p53 49.0 0.0 0.0 0.24140899999999998 0.8281839999999998 0.684245 0.0 0.0 0.0 0.001 0.373 0.0 0.0 0.0
77 SNU-C1 Zero 49.0 0.0 0.0 0.31339400000000006 0.6292270000000001 0.6825830000000002 0.0 0.0 0.0024000000000000002 0.6754940000000001 0.5984020000000001 0.5136770000000002 0.21405399999999997 0.0
77 SNU-C1 BRAF 49.0 0.0 0.0 0.3144739999999999 0.633021 0.680082 0.0 0.0 0.0012000000000000001 0.6636569999999998 0.5928019999999997 0.5165729999999998 0.21834200000000004 0.0
77 SNU-C1 PI3K 49.0 0.0 0.0 0.5589439999999999 0.40806400000000015 0.4388880000000001 0.0 0.0 0.0016 0.6694799999999999 0.6029979999999999 0.5134589999999999 0.293136 0.0
77 SNU-C1 p53 49.0 0.0 0.0 0.207021 0.7325569999999999 0.7883429999999999 0.0 0.0 0.001751 0.6676459999999999 0.6030009999999999 0.0 0.0 0.0
78 UACC-62 Zero 49.0 0.024814 0.024086 0.8732230000000001 0.14694299999999996 0.13951799999999998 0.0 0.0 0.0 0.0 0.6895990000000001 0.6557209999999999 0.5914889999999999 0.0014
78 UACC-62 BRAF 49.0 0.0254 0.024864000000000004 0.8535499999999998 0.16732800000000003 0.15849100000000002 0.0 0.0 0.0 0.09423500000000003 0.6936019999999997 0.6640659999999998 0.5855319999999998 0.0006000000000000001
78 UACC-62 PI3K 49.0 0.025599999999999998 0.0254 0.9156899999999997 0.10563600000000001 0.096455 0.0 0.0 0.0 0.0 0.6891999999999998 0.6613059999999998 0.6120589999999998 0.002053
78 UACC-62 p53 49.0 0.025851000000000002 0.025271000000000005 0.842354 0.173795 0.166626 0.0 0.0 0.0 0.0 0.7024 0.0 0.0 0.0008
79 LS-513 Zero 49.0 0.257201 0.257201 0.7203569999999999 0.273257 0.27891699999999997 0.0 0.0 0.0 0.662167 0.462199 0.44920299999999996 0.43517599999999995 0.031257
79 LS-513 BRAF 49.0 0.24339900000000006 0.24339900000000006 0.724644 0.2677149999999999 0.27099799999999996 0.0 0.0 0.0 0.6611829999999999 0.4559999999999999 0.44585299999999994 0.432683 0.02865
79 LS-513 PI3K 49.0 0.24299999999999997 0.24259999999999995 0.9917719999999999 0.009132 0.008874 0.0 0.0 0.0 0.657762 0.45780099999999996 0.44502300000000006 0.44842899999999997 0.029670999999999993
79 LS-513 p53 49.0 0.2630010000000001 0.26280100000000006 0.5128499999999999 0.47764599999999985 0.48307199999999983 0.0 0.0 0.0 0.659782 0.4643979999999999 0.0 0.0026000000000000003 0.028553000000000002
80 T84 Zero 49.0 0.0 0.0 0.05369 0.661435 0.7671699999999999 0.0 0.0 0.0 0.6241720000000001 0.42779900000000004 0.36717500000000003 0.019018 0.0
80 T84 BRAF 49.0 0.0 0.0 0.054775000000000004 0.662296 0.771869 0.0 0.0 0.0 0.624164 0.43079999999999996 0.37199999999999994 0.019601999999999998 0.0
80 T84 PI3K 49.0 0.0 0.0 0.999999 0.0 0.0 0.0 0.0 0.0 0.625102 0.43039900000000003 0.368193 0.35437399999999997 0.0
81 WT Zero 49.0 0.49520000000000003 0.49520000000000003 0.6386970000000003 0.362094 0.36051200000000005 0.49919999999999987 0.24709800000000004 0.250488 0.146564 0.500201 0.500201 0.500201 0.0
80 T84 p53 49.0 0.0 0.0 0.054201 0.663949 0.7673719999999999 0.0 0.0 0.0 0.6189 0.4348 0.0 0.0 0.0
82 MEL-HO Zero 49.0 0.0 0.0 0.361996 0.9038130000000001 0.8790570000000001 0.0 0.0 0.0 0.0 0.386999 0.384799 0.221558 0.0
81 WT BRAF 49.0 0.5085999999999999 0.5085999999999999 0.6303240000000004 0.373469 0.37237500000000007 0.491199 0.267304 0.26969899999999997 0.155206 0.4948000000000001 0.4948000000000001 0.4948000000000001 0.0
82 MEL-HO BRAF 49.0 0.0 0.0 0.363546 0.9074480000000003 0.8837530000000001 0.0 0.0 0.0 0.03271400000000001 0.3832 0.38099999999999995 0.219719 0.0
82 MEL-HO PI3K 49.0 0.0 0.0 0.6052270000000002 0.8053940000000002 0.7734780000000001 0.0 0.0 0.0 0.0 0.39840000000000003 0.39520599999999995 0.268214 0.0
82 MEL-HO p53 49.0 0.0 0.0 0.291234 0.9111670000000001 0.892298 0.0 0.0 0.0 0.0 0.383601 0.0 0.0 0.0
81 WT PI3K 49.0 0.5074009999999999 0.5074009999999999 0.9999999999999999 0.0 0.0 0.5087999999999998 0.240313 0.23894199999999996 0.13530599999999998 0.49519899999999994 0.49519899999999994 0.49519899999999994 0.0
83 WM1552C Zero 49.0 0.20840899999999996 0.2699889999999999 0.038803000000000004 0.9724969999999996 0.9646339999999998 0.0 0.0 0.0 0.6068839999999999 0.41339999999999993 0.0 0.070207 0.0
83 WM1552C BRAF 49.0 0.196599 0.25703399999999993 0.005199999999999999 0.9951890000000001 0.995194 0.0 0.0 0.0 0.6823699999999999 0.4125989999999998 0.0 0.065495 0.0
81 WT p53 49.0 0.5137999999999999 0.5137999999999999 0.271709 0.7320460000000001 0.7264800000000006 0.48260299999999995 0.26561199999999996 0.26436599999999993 0.1574649999999999 0.5053989999999999 0.0 0.0 0.0
83 WM1552C PI3K 49.0 0.21938000000000002 0.2807449999999999 0.4794859999999999 0.5814429999999999 0.5382950000000001 0.0 0.0 0.0 0.5925739999999998 0.416799 0.0 0.06795199999999998 0.0
83 WM1552C p53 49.0 0.20499900000000004 0.2697759999999999 0.037408 0.97249 0.966431 0.0 0.0 0.0 0.594479 0.41019999999999984 0.0 0.06212799999999999 0.0
84 COLO-800 Zero 49.0 0.01571 0.015016 0.5293819999999998 0.5068419999999999 0.4920239999999999 0.0 0.6051179999999999 0.606397 0.0 0.6272009999999999 0.0 0.0 0.0
84 COLO-800 BRAF 49.0 0.018399999999999996 0.016828 0.5194429999999999 0.517632 0.504665 0.0 0.614038 0.615373 0.016876 0.630999 0.0 0.0 0.0
84 COLO-800 PI3K 49.0 0.0124 0.011600000000000001 0.975183 0.07785900000000003 0.059909000000000004 0.0 0.621098 0.622413 0.0 0.6289990000000001 0.0 0.0 0.0
84 COLO-800 p53 49.0 0.013 0.01207 0.5462539999999999 0.48508 0.4701829999999999 0.0 0.615017 0.61602 0.0 0.637199 0.0 0.0 0.0
85 SNU-C5 Zero 49.0 0.17117500000000002 0.23383800000000007 0.029631999999999995 0.9264019999999998 0.9378169999999998 0.0 0.0 0.0 0.6587729999999998 0.2930009999999999 0.0 0.0006000000000000001 0.06787300000000002
85 SNU-C5 BRAF 49.0 0.17639700000000003 0.23652800000000004 0.029148999999999998 0.920214 0.9331149999999998 0.0 0.0 0.0 0.8064369999999998 0.286601 0.0 0.00075 0.06404300000000002
85 SNU-C5 PI3K 49.0 0.17023699999999997 0.22487699999999997 0.9858260000000002 0.014344 0.014035 0.0 0.0 0.0 0.6663950000000001 0.283 0.0 0.001 0.06556900000000002
85 SNU-C5 p53 49.0 0.17760200000000004 0.23436000000000007 0.028835999999999997 0.9164959999999998 0.9280519999999995 0.0 0.0 0.0 0.6712679999999996 0.29520100000000005 0.0 0.000512 0.07497300000000003
86 Hs-939-T Zero 49.0 0.10484600000000002 0.09513899999999999 0.1890250000000001 0.8760049999999997 0.8463529999999999 0.0 0.6038709999999999 0.641639 0.0 0.5348 0.5348 0.15933200000000003 0.0
86 Hs-939-T BRAF 49.0 0.10023700000000005 0.09063700000000004 0.20410700000000012 0.8563709999999998 0.8311599999999999 0.0 0.6126739999999999 0.6458619999999997 0.020647999999999993 0.548999 0.548799 0.18001000000000003 0.0
86 Hs-939-T PI3K 49.0 0.09358700000000002 0.084516 0.5848879999999999 0.5122599999999999 0.46758299999999997 0.0 0.6118879999999998 0.6522929999999999 0.0 0.5396009999999998 0.5396009999999998 0.322385 0.0
86 Hs-939-T p53 49.0 0.10851199999999998 0.09966899999999998 0.06530000000000001 0.9573299999999999 0.9486319999999999 0.0 0.60471 0.6426550000000001 0.0 0.5379989999999999 0.0 0.0016 0.0
87 WM-115 Zero 49.0 0.08435800000000002 0.08358600000000001 0.49882599999999994 0.5753579999999997 0.5685719999999997 0.0 0.5975689999999999 0.6205009999999999 0.03393699999999999 0.43779900000000005 0.43377700000000013 0.38949399999999995 0.009137999999999999
87 WM-115 BRAF 49.0 0.07564600000000006 0.07429800000000006 0.47399600000000003 0.5918729999999998 0.5848539999999997 0.0 0.6161369999999997 0.6389489999999997 0.042635999999999986 0.4239989999999999 0.41921799999999987 0.3748699999999999 0.012320000000000001
87 WM-115 PI3K 49.0 0.070402 0.06933600000000001 0.9917969999999995 0.030291999999999993 0.02811499999999999 0.0 0.6012829999999999 0.6263930000000002 0.03206899999999999 0.43459999999999993 0.43239999999999995 0.4451869999999999 0.008262
88 WM35 Zero 49.0 0.0 0.0 0.503811 0.6127929999999998 0.5251889999999999 1.000001 0.6140100000000001 0.624111 0.0 0.5796009999999999 0.5796009999999999 0.45037299999999997 0.0
87 WM-115 p53 49.0 0.07966500000000003 0.07740000000000002 0.21573300000000006 0.8276169999999997 0.8240859999999997 0.0 0.6057049999999997 0.6322639999999997 0.031257999999999994 0.42899999999999994 0.0 0.024169999999999994 0.008972
88 WM35 BRAF 49.5 0.0 0.0 0.460908 0.6447719999999998 0.5581089999999999 1.0000019999999998 0.9567030000000001 0.960865 0.0 0.5836029999999999 0.5836029999999999 0.456733 0.0
88 WM35 PI3K 49.0 0.0 0.0 0.8305819999999998 0.313245 0.19570400000000007 1.0 0.613312 0.62717 0.0 0.5808 0.5808 0.48305200000000004 0.0
88 WM35 p53 49.0 0.0 0.0 0.11303999999999999 0.937718 0.9026900000000001 1.0000010000000001 0.6073230000000001 0.617946 0.0 0.582201 0.0 0.0 0.0
89 COLO-783 Zero 49.0 0.03625999999999998 0.10439000000000007 0.20003100000000013 0.8635539999999998 0.8397609999999999 0.0 0.6176169999999997 0.6221039999999999 0.37939599999999984 0.7178009999999997 0.5809830000000001 0.225479 0.18364300000000006
89 COLO-783 BRAF 49.0 0.03672500000000001 0.10257400000000008 0.18236800000000003 0.8763609999999997 0.8555529999999998 0.0 0.6081089999999999 0.6112919999999996 0.409252 0.7135979999999995 0.5724869999999997 0.217233 0.20042500000000002
89 COLO-783 PI3K 49.0 0.036380999999999976 0.11184500000000014 0.49204599999999976 0.6269999999999997 0.575967 0.0 0.6196749999999999 0.6226849999999998 0.3702549999999997 0.7251989999999998 0.588759 0.3338089999999999 0.1878680000000001
90 IPC-298 Zero 49.0 0.04291399999999998 0.028179000000000003 0.4154699999999999 0.6893889999999995 0.6164409999999996 0.0 0.6149549999999997 0.6172319999999998 0.0 0.5383969999999998 0.333212 0.15960300000000008 0.0
89 COLO-783 p53 49.0 0.034922999999999996 0.10888300000000004 0.03811599999999997 0.9801220000000002 0.9707930000000001 0.0 0.598215 0.602828 0.3678669999999999 0.713402 0.0 0.0 0.17838399999999993
90 IPC-298 BRAF 49.0 0.053621 0.032284999999999994 0.42506600000000005 0.6847789999999998 0.6117969999999996 0.0 0.6056680000000001 0.6083689999999999 0.0 0.5458029999999999 0.33415200000000006 0.15527000000000002 0.0
90 IPC-298 PI3K 49.0 0.045551000000000015 0.028873000000000003 0.9501170000000001 0.180885 0.078027 0.0 0.610201 0.612066 0.0 0.5335990000000002 0.3245439999999999 0.18182900000000002 0.0
90 IPC-298 p53 49.0 0.044184 0.028881 0.23351200000000005 0.8204759999999997 0.7831969999999998 0.0 0.6051679999999998 0.6089099999999998 0.0 0.537799 0.0 0.0 0.0
91 Hs-940-T Zero 49.0 0.218134 0.214433 0.6924719999999999 0.267044 0.30130799999999996 0.0 0.0 0.0 0.0 0.24140099999999998 0.24140099999999998 0.24220100000000003 0.0
91 Hs-940-T BRAF 49.0 0.21905300000000003 0.215628 0.707842 0.25610799999999995 0.28561499999999995 0.0 0.0 0.0 0.0 0.233401 0.233401 0.233801 0.0
91 Hs-940-T PI3K 49.0 0.208834 0.205283 0.9998 0.0002 0.0002 0.0 0.0 0.0 0.0 0.24880000000000002 0.24880000000000002 0.25 0.0
91 Hs-940-T p53 49.0 0.21720899999999996 0.21496299999999996 0.6229939999999998 0.327942 0.369665 0.0 0.0 0.0 0.0 0.23840000000000003 0.0 0.0018000000000000002 0.0
92 SK-MEL-24 Zero 49.0 0.133929 0.12355000000000003 0.25319200000000003 0.8150349999999996 0.8140899999999996 0.0 0.613761 0.621119 0.0 0.2948 0.2948 0.14350600000000002 0.0
92 SK-MEL-24 BRAF 49.0 0.13265700000000002 0.12188600000000001 0.24288000000000007 0.8228359999999999 0.821659 0.0 0.61044 0.617525 0.03663600000000001 0.28539999999999993 0.28539999999999993 0.13797800000000005 0.0
92 SK-MEL-24 PI3K 49.0 0.14017100000000002 0.12981499999999999 0.9994029999999996 0.049656999999999986 0.047646999999999995 0.0 0.6105219999999998 0.6148539999999997 0.0 0.302003 0.302003 0.301603 0.0
92 SK-MEL-24 p53 49.0 0.13170500000000004 0.11835600000000002 0.165605 0.8899809999999998 0.8881769999999998 0.0 0.6087870000000001 0.613904 0.0 0.288 0.0 0.0 0.0
93 CL-11 Zero 49.0 0.19520100000000004 0.19520100000000004 0.704643 0.685779 0.6556609999999999 0.0 0.0 0.0 0.6467200000000002 0.486801 0.486601 0.443793 0.0
93 CL-11 BRAF 49.0 0.19600000000000004 0.19600000000000004 0.7082449999999999 0.6700019999999999 0.6451239999999999 0.0 0.0 0.0 0.643437 0.48139899999999985 0.4811989999999999 0.43826899999999996 0.0
93 CL-11 PI3K 49.0 0.19980099999999998 0.19980099999999998 0.9528389999999999 0.5235929999999999 0.48686900000000005 0.0 0.0 0.0 0.636733 0.47640100000000013 0.47640100000000013 0.448709 0.0
93 CL-11 p53 49.0 0.195001 0.195001 0.48760799999999993 0.7695450000000001 0.7522190000000001 0.0 0.0 0.0 0.64436 0.4685979999999999 0.0 0.0 0.0
94 MZ2-MEL Zero 49.0 0.079724 0.08682400000000003 0.5931979999999999 0.38506099999999993 0.35691599999999996 0.9999979999999999 0.6112480000000001 0.635831 0.0 0.7143989999999999 0.7143989999999999 0.506678 0.0
94 MZ2-MEL BRAF 49.0 0.074821 0.081142 0.589369 0.3903849999999999 0.35599099999999995 1.000001 0.6155999999999999 0.6420899999999998 0.0 0.7145990000000001 0.7145990000000001 0.5062070000000001 0.0002
94 MZ2-MEL PI3K 49.0 0.083824 0.088469 0.9998 0.0008 0.0002 1.0 0.6206499999999999 0.6417959999999999 0.0 0.709401 0.709401 0.709201 0.0002
94 MZ2-MEL p53 49.0 0.082769 0.08872100000000004 0.20457400000000003 0.7123500000000003 0.6994850000000002 0.9999999999999999 0.6120799999999998 0.6396909999999999 0.0 0.7101999999999999 0.0 0.0 0.0
95 SW626 Zero 49.0 0.12384300000000002 0.121599 0.5529699999999997 0.5711879999999999 0.6489099999999998 0.0 0.0 0.0 0.6223469999999997 0.5883989999999998 0.5883989999999998 0.395098 0.0
95 SW626 BRAF 49.0 0.11821900000000002 0.11755300000000002 0.5572539999999998 0.5658199999999999 0.635259 0.0 0.0 0.0 0.623426 0.573199 0.573199 0.386892 0.0
95 SW626 PI3K 49.0 0.12395500000000005 0.12170400000000003 0.9863799999999996 0.18301800000000004 0.19614800000000004 0.0 0.0 0.0 0.6287589999999998 0.5750009999999997 0.5750009999999997 0.5620409999999998 0.0
95 SW626 p53 49.0 0.12496899999999998 0.12273599999999998 0.33851400000000004 0.679997 0.7811210000000001 0.0 0.0 0.0 0.6079670000000001 0.570799 0.0 0.0 0.0
96 LB2518-MEL Zero 49.0 0.013999999999999999 0.0202 0.5954999999999996 0.394289 0.3901070000000001 0.9999989999999995 0.6403499999999999 0.7267629999999997 0.0 0.8389979999999995 0.8389979999999995 0.256367 0.0
96 LB2518-MEL BRAF 49.0 0.0162 0.024095999999999996 0.6116189999999998 0.3765959999999998 0.37266799999999983 1.0000029999999995 0.6387249999999999 0.7308909999999997 0.0 0.828603 0.828603 0.2583739999999999 0.0
96 LB2518-MEL PI3K 49.0 0.013800000000000002 0.019826 0.8884469999999998 0.11890800000000001 0.11123500000000004 0.9999989999999996 0.6307609999999998 0.7278549999999999 0.0 0.8373999999999997 0.8373999999999997 0.665055 0.0
96 LB2518-MEL p53 49.0 0.014262999999999998 0.018554 0.49311799999999995 0.48084099999999996 0.484034 0.9999979999999998 0.6378270000000001 0.7239039999999999 0.0 0.8285980000000002 0.0 0.0 0.0
97 LOXIMVI Zero 49.0 0.20623900000000003 0.187508 0.6946819999999998 0.27002599999999993 0.304182 0.0 0.0 0.0 0.39023 0.4772 0.4772 0.4712 0.0
97 LOXIMVI BRAF 49.0 0.19354700000000002 0.178412 0.531032 0.387164 0.46066099999999993 0.0 0.0 0.0 0.4309440000000001 0.47660099999999983 0.47660099999999983 0.47138499999999994 0.0
97 LOXIMVI PI3K 49.0 0.198045 0.177632 0.978006 0.021291999999999995 0.022973999999999998 0.0 0.0 0.0 0.379019 0.4630010000000001 0.4630010000000001 0.4606010000000001 0.0
97 LOXIMVI p53 49.0 0.19763899999999995 0.18063200000000001 0.45610899999999993 0.48566899999999996 0.5418289999999998 0.0 0.0 0.0 0.38507299999999994 0.4671979999999999 0.0 1.4e-05 0.0
98 SNU-1040 Zero 49.5 0.018194000000000002 0.01811 0.05248200000000001 0.9454699999999999 0.944712 0.0 0.0 1.0000000000000002 1.0000000000000002 0.3208 0.0 0.0 0.0
98 SNU-1040 BRAF 49.5 0.018600000000000002 0.018600000000000002 0.052316 0.9458580000000001 0.944693 0.0 0.0 0.9999990000000001 0.9999990000000001 0.313399 0.0 0.0 0.0
98 SNU-1040 PI3K 49.5 0.0184 0.018234 1.0000000000000002 0.016765 0.0 0.0 0.0 1.0000000000000002 1.0000000000000002 0.31379999999999997 0.0 0.0 0.0
99 HT55 Zero 49.0 0.09399900000000001 0.09970900000000003 0.678524 0.305312 0.31694900000000004 0.0 0.0 0.07140600000000004 0.3685029999999999 0.29019999999999985 0.29019999999999985 0.21375 0.0
98 SNU-1040 p53 49.5 0.022400000000000003 0.022400000000000003 0.046668 0.951478 0.951328 0.0 0.0 1.0 1.0 0.32439999999999997 0.0 0.0 0.0
99 HT55 BRAF 49.0 0.09819900000000002 0.10352600000000003 0.6600279999999998 0.32133199999999995 0.333781 0.0 0.0 0.07494300000000002 0.4639109999999999 0.2942019999999998 0.29460199999999975 0.21565700000000004 0.0002
99 HT55 PI3K 49.0 0.09638700000000003 0.10249000000000005 0.8060739999999997 0.18798400000000004 0.19422900000000004 0.0 0.0 0.07634400000000002 0.3567129999999998 0.292201 0.292201 0.21730500000000005 0.0
100 A2058 Zero 49.0 0.038262 0.03719 0.6892379999999998 0.3094819999999999 0.30559899999999995 0.0 0.0 0.0002 0.0 0.43699999999999994 0.0 0.0 0.0
99 HT55 p53 49.0 0.09958700000000001 0.105017 0.6034409999999998 0.378857 0.392319 0.0 0.0 0.069848 0.35576499999999994 0.29739899999999997 0.0 0.0 0.0
100 A2058 BRAF 49.0 0.03396 0.033597999999999996 0.6737739999999999 0.325584 0.32056699999999994 0.0 0.0 0.0004 0.0 0.4478 0.0 0.0 0.0
100 A2058 PI3K 49.0 0.0318 0.031191 0.9955189999999999 0.0098 0.004778 0.0 0.0 0.0002 0.0 0.43740100000000004 0.0 0.0 0.0
100 A2058 p53 49.0 0.03582 0.035134 0.6735539999999999 0.32083999999999996 0.317673 0.0 0.0 0.0004 0.0 0.44780099999999995 0.0 0.0 0.0
101 UACC-257 Zero 49.0 0.016399999999999998 0.016399999999999998 0.6826259999999997 0.405941 0.3240680000000001 0.0 0.6016259999999994 0.6034729999999995 0.0 0.5252009999999997 0.438462 0.374206 0.12980899999999998
101 UACC-257 BRAF 49.0 0.01755799999999999 0.016847999999999995 0.6876869999999998 0.39775899999999986 0.31639499999999987 0.0 0.5945209999999999 0.5961729999999998 0.011000000000000001 0.5249989999999997 0.44541 0.3847689999999999 0.12968200000000007
101 UACC-257 PI3K 49.0 0.0158 0.0158 0.9225059999999998 0.17585800000000004 0.086276 0.0 0.6017 0.6032629999999999 0.0 0.5223979999999999 0.4434889999999998 0.4130009999999999 0.11937400000000004
101 UACC-257 p53 49.0 0.014226 0.013800999999999999 0.576146 0.49347599999999986 0.426275 0.0 0.5837259999999999 0.585266 0.0 0.5149990000000001 0.0 0.0 0.11891
102 HCT-116 Zero 49.0 0.13360000000000002 0.13360000000000002 0.018042000000000002 0.926907 0.9470259999999999 0.0 0.0 0.0 0.621703 0.565002 0.565002 0.018405 0.0002
102 HCT-116 BRAF 49.0 0.14640100000000003 0.14640100000000003 0.022033999999999998 0.922646 0.9441369999999999 0.0 0.0 0.0 0.655378 0.5619999999999999 0.561985 0.018638999999999996 0.0002
102 HCT-116 PI3K 49.0 0.139 0.139 0.9955999999999999 0.004399999999999999 0.004399999999999999 0.0 0.0 0.0 0.600131 0.5564 0.5564 0.5566 0.0
102 HCT-116 p53 49.0 0.13100100000000003 0.13100100000000003 0.015487999999999998 0.9302249999999999 0.9538279999999998 0.0 0.0 0.0 0.6236119999999997 0.5653999999999999 0.0 0.0 0.0002
