n_profile Patient_ID Drug_ID Time Proliferation_b1 Proliferation_b2 BRAF PTEN AKT PDPK1 p70_b1 p70_b2 ERK_b1 ERK_b2 MEK_b1 MEK_b2
0 LS-411N Zero 49.0 0.5058 0.2582 1.0 0.4942 0.2582 0.2582 0.2582 0.2582 1.0 1.0 1.0 1.0
1 LS-513 Zero 49.0 0.48160000000000003 0.2424 0.7575999999999999 0.5184 0.2424 0.2424 0.2424 0.2424 1.0 0.7575999999999999 1.0 0.7575999999999999
1 LS-513 BRAF 49.0 0.257 0.257 0.0 0.5 0.257 0.257 0.257 0.257 1.0 0.0 1.0 0.0
1 LS-513 PI3K 49.0 0.5002 0.0 1.0 0.4998 0.0 0.0 0.0 0.0 1.0 1.0 1.0 1.0
0 LS-411N BRAF 49.0 0.22706600000000002 0.13571000000000003 0.0 0.5002 0.36916200000000005 0.370943 0.41401999999999994 0.319618 0.4256999999999999 0.0 0.42963799999999996 0.0
1 LS-513 p53 49.0 1.0 0.5026 0.4974 0.0 0.5026 0.5026 0.5026 0.5026 1.0 0.4974 1.0 0.4974
0 LS-411N PI3K 49.0 0.5062 0.0 1.0 0.4938 0.0 0.0 0.0 0.0 1.0 1.0 1.0 1.0
2 NCI-H508 Zero 49.0 1.0 1.0 1.0 0.0 1.0 1.0 1.0 1.0 1.0 1.0 1.0 1.0
0 LS-411N p53 49.0 1.0 0.4998 1.0 0.0 0.4998 0.4998 0.4998 0.4998 1.0 1.0 1.0 1.0
3 MMAc-SF Zero 49.0 0.493 0.2492 1.0 0.507 0.2492 0.2492 0.2492 0.2492 1.0 1.0 1.0 1.0
2 NCI-H508 BRAF 49.0 0.493578 0.364283 0.0 0.0 0.9999999999999999 0.9999999999999999 0.9999999999999999 0.9999999999999999 0.429117 0.0 0.42353099999999994 0.0
2 NCI-H508 PI3K 49.0 1.0 0.0 1.0 0.0 0.0 0.0 0.0 0.0 1.0 1.0 1.0 1.0
3 MMAc-SF BRAF 49.0 0.225411 0.132241 0.0 0.502801 0.37476200000000004 0.37184500000000004 0.41401000000000004 0.322237 0.4283510000000001 0.0 0.43050700000000003 0.0
2 NCI-H508 p53 49.0 1.0 1.0 1.0 0.0 1.0 1.0 1.0 1.0 1.0 1.0 1.0 1.0
3 MMAc-SF PI3K 49.0 0.4988 0.0 1.0 0.5012 0.0 0.0 0.0 0.0 1.0 1.0 1.0 1.0
4 LB373-MEL-D Zero 49.0 0.502 0.259 0.741 0.498 0.259 0.259 0.259 0.259 1.0 0.741 1.0 0.741
3 MMAc-SF p53 49.0 1.0 0.5046 1.0 0.0 0.5046 0.5046 0.5046 0.5046 1.0 1.0 1.0 1.0
4 LB373-MEL-D BRAF 49.0 0.2534 0.2534 0.0 0.4978 0.2534 0.2534 0.2534 0.2534 1.0 0.0 1.0 0.0
5 SNU-C1 Zero 49.0 0.2556 0.2556 0.0 0.5 0.2556 0.2556 0.2556 0.2556 1.0 0.0 1.0 0.0
4 LB373-MEL-D PI3K 49.0 0.5094 0.0 1.0 0.4906 0.0 0.0 0.0 0.0 1.0 1.0 1.0 1.0
5 SNU-C1 BRAF 49.0 0.2486 0.2486 0.0 0.5076 0.2486 0.2486 0.2486 0.2486 1.0 0.0 1.0 0.0
4 LB373-MEL-D p53 49.0 1.0 0.5012 0.4988 0.0 0.5012 0.5012 0.5012 0.5012 1.0 0.4988 1.0 0.4988
5 SNU-C1 PI3K 49.0 0.0 0.0 0.0 0.4902 0.0 0.0 0.0 0.0 1.0 0.0 1.0 0.0
6 WM793B Zero 49.0 0.5062 0.2544 1.0 0.4938 0.2544 0.2544 0.2544 0.2544 1.0 1.0 1.0 1.0
5 SNU-C1 p53 49.0 0.487 0.487 0.0 0.0 0.487 0.487 0.487 0.487 1.0 0.0 1.0 0.0
6 WM793B BRAF 49.0 0.217199 0.12951699999999997 0.0 0.507201 0.35977099999999995 0.359805 0.4064549999999999 0.3122069999999999 0.418229 0.0 0.417857 0.0
6 WM793B PI3K 49.0 0.4976 0.0 1.0 0.5024 0.0 0.0 0.0 0.0 1.0 1.0 1.0 1.0
7 COLO-792 Zero 49.0 0.23045000000000004 0.13225900000000004 0.20020400000000005 0.501201 0.365789 0.36185000000000006 0.4117340000000001 0.316589 0.46984699999999996 0.16174600000000006 0.4397500000000001 0.17504400000000003
6 WM793B p53 49.0 1.0 0.5026 1.0 0.0 0.5026 0.5026 0.5026 0.5026 1.0 1.0 1.0 1.0
8 HT-144 Zero 49.0 0.4964 0.249 1.0 0.5036 0.249 0.249 0.249 0.249 1.0 1.0 1.0 1.0
7 COLO-792 BRAF 49.0 0.22608200000000012 0.1348590000000001 0.0 0.497401 0.36885499999999993 0.3668049999999998 0.41742899999999983 0.32075599999999993 0.4278749999999999 0.0 0.42670099999999994 0.0
7 COLO-792 PI3K 49.0 0.14717900000000003 0.0 0.358349 0.49120100000000005 0.0 0.0 0.0 0.0 0.495062 0.278998 0.47678800000000005 0.31274399999999997
8 HT-144 BRAF 49.0 0.2244890000000001 0.129655 0.0 0.495801 0.366586 0.3697190000000001 0.4118880000000001 0.3127310000000001 0.4269290000000001 0.0 0.41940700000000003 0.0
8 HT-144 PI3K 49.0 0.498 0.0 1.0 0.502 0.0 0.0 0.0 0.0 1.0 1.0 1.0 1.0
8 HT-144 p53 49.0 1.0 0.4924 1.0 0.0 0.4924 0.4924 0.4924 0.4924 1.0 1.0 1.0 1.0
7 COLO-792 p53 49.0 0.46311599999999964 0.26493499999999987 0.05382000000000001 0.0 0.723446 0.7285160000000002 0.8213089999999996 0.6383689999999999 0.4378879999999997 0.034203 0.4323589999999997 0.04068899999999999
9 MEL-HO Zero 49.0 0.49560000000000004 0.255 1.0 0.5044 0.255 0.255 0.255 0.255 1.0 1.0 1.0 1.0
10 LOXIMVI Zero 49.0 0.4894 0.2506 1.0 0.5106 0.2506 0.2506 0.2506 0.2506 1.0 1.0 1.0 1.0
9 MEL-HO BRAF 49.0 0.22987399999999997 0.14014100000000002 0.0 0.478801 0.38750000000000007 0.3931769999999999 0.4367029999999999 0.33945200000000003 0.4207709999999999 0.0 0.42232600000000003 0.0
10 LOXIMVI BRAF 49.0 0.23084200000000002 0.13716100000000003 0.0 0.48760100000000006 0.384257 0.382486 0.43248099999999984 0.33252099999999996 0.42425999999999997 0.0 0.4241279999999999 0.0
9 MEL-HO PI3K 49.0 0.5062 0.0 1.0 0.4938 0.0 0.0 0.0 0.0 1.0 1.0 1.0 1.0
10 LOXIMVI PI3K 49.0 0.4962 0.0 1.0 0.5038 0.0 0.0 0.0 0.0 1.0 1.0 1.0 1.0
9 MEL-HO p53 49.0 1.0 0.5004 1.0 0.0 0.5004 0.5004 0.5004 0.5004 1.0 1.0 1.0 1.0
10 LOXIMVI p53 49.0 1.0 0.497 1.0 0.0 0.497 0.497 0.497 0.497 1.0 1.0 1.0 1.0
11 CL-40 Zero 49.0 1.0 0.4998 0.5002 0.0 0.4998 0.4998 0.4998 0.4998 1.0 0.5002 1.0 0.5002
12 G-361 Zero 49.0 0.4918 0.2556 1.0 0.5082 0.2556 0.2556 0.2556 0.2556 1.0 1.0 1.0 1.0
11 CL-40 BRAF 49.0 0.5014 0.5014 0.0 0.0 0.5014 0.5014 0.5014 0.5014 1.0 0.0 1.0 0.0
11 CL-40 PI3K 49.0 1.0 0.0 1.0 0.0 0.0 0.0 0.0 0.0 1.0 1.0 1.0 1.0
12 G-361 BRAF 49.0 0.232406 0.14053 0.0 0.4858 0.386291 0.383209 0.4338729999999999 0.3395819999999999 0.41957899999999987 0.0 0.42794299999999996 0.0
11 CL-40 p53 49.0 1.0 0.4968 0.5032 0.0 0.4968 0.4968 0.4968 0.4968 1.0 0.5032 1.0 0.5032
12 G-361 PI3K 49.0 0.497 0.0 1.0 0.503 0.0 0.0 0.0 0.0 1.0 1.0 1.0 1.0
12 G-361 p53 49.0 1.0 0.5 1.0 0.0 0.5 0.5 0.5 0.5 1.0 1.0 1.0 1.0
13 SNU-1040 Zero 49.5 0.5350719999999999 0.384596 0.0 0.0 0.999999 0.999999 0.999999 0.999999 0.45860400000000007 0.0 0.45544799999999996 0.0
14 IGR-37 Zero 49.0 0.504 0.2494 1.0 0.496 0.2494 0.2494 0.2494 0.2494 1.0 1.0 1.0 1.0
13 SNU-1040 BRAF 49.5 0.5296379999999999 0.39121900000000004 0.0 0.0 0.999999 0.999999 0.999999 0.999999 0.469498 0.0 0.460384 0.0
14 IGR-37 BRAF 49.0 0.223313 0.131004 0.0 0.48719900000000005 0.3775449999999998 0.38086399999999987 0.4257289999999997 0.32475699999999985 0.4215839999999997 0.0 0.42262999999999984 0.0
13 SNU-1040 PI3K 49.5 0.300064 0.0 0.378825 0.0 0.0 0.0 0.0 0.0 0.5340030000000001 0.29683400000000004 0.5065550000000001 0.321581
14 IGR-37 PI3K 49.0 0.494 0.0 1.0 0.506 0.0 0.0 0.0 0.0 1.0 1.0 1.0 1.0
14 IGR-37 p53 49.0 1.0 0.4922 1.0 0.0 0.4922 0.4922 0.4922 0.4922 1.0 1.0 1.0 1.0
13 SNU-1040 p53 49.5 0.538847 0.39417 0.0 0.0 1.0 1.0 1.0 1.0 0.46683 0.0 0.47158700000000003 0.0
15 HT55 Zero 49.0 0.4996 0.2506 0.9999999999999999 0.5004 0.2506 0.2506 0.2506 0.2506 0.9999999999999999 0.9999999999999999 0.9999999999999999 0.9999999999999999
15 HT55 BRAF 49.0 0.226133 0.12977000000000002 0.0 0.5014 0.3644010000000001 0.3668280000000001 0.41085500000000025 0.3178940000000001 0.4223780000000001 0.0 0.412681 0.0
16 SNU-175 Zero 49.0 0.223563 0.12658700000000003 0.20401900000000006 0.510599 0.355106 0.35248899999999983 0.4011439999999998 0.3127349999999999 0.4741989999999998 0.164458 0.4571459999999998 0.18116700000000005
15 HT55 PI3K 49.0 0.5024 0.0 1.0 0.4976 0.0 0.0 0.0 0.0 1.0 1.0 1.0 1.0
15 HT55 p53 49.0 1.0 0.4852 1.0 0.0 0.4852 0.4852 0.4852 0.4852 1.0 1.0 1.0 1.0
16 SNU-175 BRAF 49.0 0.22657399999999997 0.130752 0.0 0.49300000000000005 0.3692529999999999 0.37193799999999994 0.42639900000000003 0.323505 0.4290409999999999 0.0 0.42772900000000014 0.0
17 COLO-678 Zero 49.0 0.492 0.2432 0.7568 0.508 0.2432 0.2432 0.2432 0.2432 1.0 0.7568 1.0 0.7568
17 COLO-678 BRAF 49.0 0.2528 0.2528 0.0 0.4954 0.2528 0.2528 0.2528 0.2528 1.0 0.0 1.0 0.0
16 SNU-175 PI3K 49.0 0.14812 0.0 0.36364899999999994 0.4902020000000001 0.0 0.0 0.0 0.0 0.495679 0.282243 0.47324099999999997 0.3106629999999999
17 COLO-678 PI3K 49.0 0.4928 0.0 1.0 0.5072 0.0 0.0 0.0 0.0 1.0 1.0 1.0 1.0
17 COLO-678 p53 49.0 1.0 0.4888 0.5112 0.0 0.4888 0.4888 0.4888 0.4888 1.0 0.5112 1.0 0.5112
16 SNU-175 p53 49.0 0.46469 0.266052 0.05254299999999998 0.0 0.716058 0.7153559999999998 0.8152109999999998 0.6226780000000001 0.43914700000000007 0.03401299999999998 0.4366600000000001 0.03867499999999999
18 SK-MEL-3 Zero 49.0 0.5032 0.244 1.0 0.4968 0.244 0.244 0.244 0.244 1.0 1.0 1.0 1.0
19 VMRC-MELG Zero 49.0 0.5042 0.2536 1.0 0.4958 0.2536 0.2536 0.2536 0.2536 1.0 1.0 1.0 1.0
18 SK-MEL-3 BRAF 49.0 0.2249720000000001 0.14022100000000004 0.0 0.504601 0.36378699999999986 0.3633989999999999 0.41375799999999985 0.31395500000000004 0.4302629999999999 0.0 0.42155699999999996 0.0
19 VMRC-MELG BRAF 49.0 0.2155240000000001 0.12636100000000003 0.0 0.49819899999999995 0.372936 0.373087 0.42010900000000007 0.32339600000000013 0.420214 0.0 0.4191560000000001 0.0
18 SK-MEL-3 PI3K 49.0 0.4966 0.0 1.0 0.5034 0.0 0.0 0.0 0.0 1.0 1.0 1.0 1.0
19 VMRC-MELG PI3K 49.0 0.4956 0.0 1.0 0.5044 0.0 0.0 0.0 0.0 1.0 1.0 1.0 1.0
18 SK-MEL-3 p53 49.0 1.0 0.494 1.0 0.0 0.494 0.494 0.494 0.494 1.0 1.0 1.0 1.0
19 VMRC-MELG p53 49.0 1.0 0.5 1.0 0.0 0.5 0.5 0.5 0.5 1.0 1.0 1.0 1.0
20 IGR-1 Zero 49.0 0.5167999999999999 0.2568 1.0 0.4832 0.2568 0.2568 0.2568 0.2568 1.0 1.0 1.0 1.0
20 IGR-1 BRAF 49.0 0.23340400000000006 0.138071 0.0 0.4942 0.37731800000000004 0.3714790000000001 0.4265339999999998 0.3286829999999998 0.422355 0.0 0.4317080000000001 0.0
21 CHL-1 Zero 49.0 0.4549489999999999 0.26252299999999995 0.05161100000000001 0.0 0.7177129999999999 0.7173499999999996 0.8118909999999997 0.6281749999999999 0.434409 0.035873 0.4275480000000001 0.039838
20 IGR-1 PI3K 49.0 0.5044 0.0 1.0 0.4956 0.0 0.0 0.0 0.0 1.0 1.0 1.0 1.0
20 IGR-1 p53 49.0 1.0 0.4918 1.0 0.0 0.4918 0.4918 0.4918 0.4918 1.0 1.0 1.0 1.0
21 CHL-1 BRAF 49.0 0.443329 0.26251399999999986 0.0 0.0 0.7398579999999998 0.739939 0.8325930000000002 0.6392159999999999 0.41577399999999987 0.0 0.411116 0.0
22 UACC-257 Zero 49.0 0.5058 0.2424 1.0 0.4942 0.2424 0.2424 0.2424 0.2424 1.0 1.0 1.0 1.0
21 CHL-1 PI3K 49.0 0.28665699999999994 0.0 0.36758499999999994 0.0 0.0 0.0 0.0 0.0 0.5057790000000001 0.29215399999999997 0.47531700000000005 0.31935
22 UACC-257 BRAF 49.0 0.21677299999999997 0.131446 0.0 0.49779999999999996 0.3727439999999999 0.3707679999999999 0.4173389999999999 0.3275269999999999 0.4256019999999999 0.0 0.42230799999999996 0.0
22 UACC-257 PI3K 49.0 0.492 0.0 1.0 0.508 0.0 0.0 0.0 0.0 1.0 1.0 1.0 1.0
22 UACC-257 p53 49.0 1.0 0.4894 1.0 0.0 0.4894 0.4894 0.4894 0.4894 1.0 1.0 1.0 1.0
21 CHL-1 p53 49.0 0.45727600000000024 0.2658199999999999 0.05379100000000002 0.0 0.7286779999999997 0.7312659999999995 0.8209299999999996 0.6404499999999999 0.4309910000000003 0.03012399999999999 0.4361560000000001 0.03664099999999998
23 CP50-MEL-B Zero 49.0 0.5034 0.2608 1.0 0.4966 0.2608 0.2608 0.2608 0.2608 1.0 1.0 1.0 1.0
24 COLO-829 Zero 49.0 0.5028 0.2466 1.0 0.4972 0.2466 0.2466 0.2466 0.2466 1.0 1.0 1.0 1.0
23 CP50-MEL-B BRAF 49.0 0.22699499999999995 0.13889200000000002 0.0 0.48960000000000004 0.38338500000000003 0.381382 0.434104 0.33347599999999994 0.433319 0.0 0.42902599999999996 0.0
24 COLO-829 BRAF 49.0 0.21965800000000002 0.12688600000000003 0.0 0.505201 0.370007 0.36961 0.417469 0.32520599999999994 0.42542699999999994 0.0 0.42539299999999997 0.0
23 CP50-MEL-B PI3K 49.0 0.4984 0.0 1.0 0.5016 0.0 0.0 0.0 0.0 1.0 1.0 1.0 1.0
24 COLO-829 PI3K 49.0 0.4964 0.0 1.0 0.5036 0.0 0.0 0.0 0.0 1.0 1.0 1.0 1.0
23 CP50-MEL-B p53 49.0 1.0 0.507 1.0 0.0 0.507 0.507 0.507 0.507 1.0 1.0 1.0 1.0
24 COLO-829 p53 49.0 1.0 0.4944 1.0 0.0 0.4944 0.4944 0.4944 0.4944 1.0 1.0 1.0 1.0
25 UACC-62 Zero 49.0 0.5014 0.2522 0.9999999999999999 0.4986 0.2522 0.2522 0.2522 0.2522 0.9999999999999999 0.9999999999999999 0.9999999999999999 0.9999999999999999
26 MZ7-mel Zero 49.0 0.49219999999999997 0.2494 1.0 0.5078 0.2494 0.2494 0.2494 0.2494 1.0 1.0 1.0 1.0
25 UACC-62 BRAF 49.0 0.2238850000000001 0.129127 0.0 0.49979999999999997 0.374157 0.3724489999999999 0.4193770000000001 0.33195800000000003 0.4239550000000002 0.0 0.4245290000000001 0.0
26 MZ7-mel BRAF 49.0 0.22308800000000006 0.13037100000000001 0.0 0.5112000000000001 0.361347 0.36310599999999993 0.413606 0.31662 0.418342 0.0 0.4167989999999998 0.0
26 MZ7-mel PI3K 49.0 0.4978 0.0 1.0 0.5022 0.0 0.0 0.0 0.0 1.0 1.0 1.0 1.0
25 UACC-62 PI3K 49.0 0.5044 0.0 1.0 0.4956 0.0 0.0 0.0 0.0 1.0 1.0 1.0 1.0
26 MZ7-mel p53 49.0 1.0 0.5068 1.0 0.0 0.5068 0.5068 0.5068 0.5068 1.0 1.0 1.0 1.0
25 UACC-62 p53 49.0 1.0 0.4856 1.0 0.0 0.4856 0.4856 0.4856 0.4856 1.0 1.0 1.0 1.0
27 SNU-C2B Zero 49.0 1.0 0.4866 0.5134 0.0 0.4866 0.4866 0.4866 0.4866 1.0 0.5134 1.0 0.5134
28 SNU-C5 Zero 49.0 1.0 1.0 1.0 0.0 1.0 1.0 1.0 1.0 1.0 1.0 1.0 1.0
27 SNU-C2B BRAF 49.0 0.5112 0.5112 0.0 0.0 0.5112 0.5112 0.5112 0.5112 1.0 0.0 1.0 0.0
27 SNU-C2B PI3K 49.0 1.0 0.0 1.0 0.0 0.0 0.0 0.0 0.0 1.0 1.0 1.0 1.0
28 SNU-C5 BRAF 49.0 0.49234599999999995 0.35388700000000006 0.0 0.0 0.9999989999999999 0.9999989999999999 0.9999989999999999 0.9999989999999999 0.42629399999999995 0.0 0.424192 0.0
27 SNU-C2B p53 49.0 1.0 0.4986 0.5014 0.0 0.4986 0.4986 0.4986 0.4986 1.0 0.5014 1.0 0.5014
28 SNU-C5 PI3K 49.0 1.0 0.0 1.0 0.0 0.0 0.0 0.0 0.0 1.0 1.0 1.0 1.0
28 SNU-C5 p53 49.0 1.0 1.0 1.0 0.0 1.0 1.0 1.0 1.0 1.0 1.0 1.0 1.0
29 451Lu Zero 49.0 1.0 0.505 1.0 0.0 0.505 0.505 0.505 0.505 1.0 1.0 1.0 1.0
30 A101D Zero 49.0 0.5146 0.2636 1.0 0.4854 0.2636 0.2636 0.2636 0.2636 1.0 1.0 1.0 1.0
29 451Lu BRAF 49.0 0.447721 0.2670539999999999 0.0 0.0 0.7459429999999999 0.74593 0.8410150000000001 0.651346 0.42559199999999986 0.0 0.429311 0.0
30 A101D BRAF 49.0 0.21745999999999996 0.130714 0.0 0.502399 0.370043 0.3665659999999999 0.4197669999999999 0.316226 0.4168300000000001 0.0 0.4193660000000001 0.0
29 451Lu PI3K 49.0 1.0 0.0 1.0 0.0 0.0 0.0 0.0 0.0 1.0 1.0 1.0 1.0
30 A101D PI3K 49.0 0.5006 0.0 1.0 0.4994 0.0 0.0 0.0 0.0 1.0 1.0 1.0 1.0
29 451Lu p53 49.0 1.0 0.5046 1.0 0.0 0.5046 0.5046 0.5046 0.5046 1.0 1.0 1.0 1.0
30 A101D p53 49.0 1.0 0.504 1.0 0.0 0.504 0.504 0.504 0.504 1.0 1.0 1.0 1.0
31 CL-34 Zero 49.0 0.49920000000000003 0.2508 1.0 0.5008 0.2508 0.2508 0.2508 0.2508 1.0 1.0 1.0 1.0
32 SW837 Zero 49.0 1.0 0.505 0.495 0.0 0.505 0.505 0.505 0.505 1.0 0.495 1.0 0.495
32 SW837 BRAF 49.0 0.494 0.494 0.0 0.0 0.494 0.494 0.494 0.494 1.0 0.0 1.0 0.0
31 CL-34 BRAF 49.0 0.21442100000000003 0.130179 0.0 0.5034 0.36033600000000005 0.36252199999999996 0.4107369999999999 0.317945 0.42432900000000007 0.0 0.42224000000000017 0.0
32 SW837 PI3K 49.0 1.0 0.0 1.0 0.0 0.0 0.0 0.0 0.0 1.0 1.0 1.0 1.0
31 CL-34 PI3K 49.0 0.494 0.0 1.0 0.506 0.0 0.0 0.0 0.0 1.0 1.0 1.0 1.0
32 SW837 p53 49.0 1.0 0.4926 0.5074 0.0 0.4926 0.4926 0.4926 0.4926 1.0 0.5074 1.0 0.5074
31 CL-34 p53 49.0 1.0 0.5016 1.0 0.0 0.5016 0.5016 0.5016 0.5016 1.0 1.0 1.0 1.0
33 MEL-JUSO Zero 49.0 0.4976 0.249 0.7509999999999999 0.5024 0.249 0.249 0.249 0.249 1.0 0.7509999999999999 1.0 0.7509999999999999
34 Hs-939-T Zero 49.0 0.4968 0.2384 1.0 0.5032 0.2384 0.2384 0.2384 0.2384 1.0 1.0 1.0 1.0
33 MEL-JUSO BRAF 49.0 0.2538 0.2538 0.0 0.4964 0.2538 0.2538 0.2538 0.2538 1.0 0.0 1.0 0.0
33 MEL-JUSO PI3K 49.0 0.5054 0.0 1.0 0.4946 0.0 0.0 0.0 0.0 1.0 1.0 1.0 1.0
34 Hs-939-T BRAF 49.0 0.22411 0.13933799999999996 0.0 0.4928 0.373709 0.373143 0.41485399999999995 0.3269369999999999 0.42801999999999996 0.0 0.417131 0.0
33 MEL-JUSO p53 49.0 1.0 0.5032 0.4968 0.0 0.5032 0.5032 0.5032 0.5032 1.0 0.4968 1.0 0.4968
34 Hs-939-T PI3K 49.0 0.4986 0.0 1.0 0.5014 0.0 0.0 0.0 0.0 1.0 1.0 1.0 1.0
34 Hs-939-T p53 49.0 1.0 0.4972 1.0 0.0 0.4972 0.4972 0.4972 0.4972 1.0 1.0 1.0 1.0
35 KM12 Zero 49.0 0.4549840000000002 0.2565619999999999 0.04863099999999999 0.0 0.7284799999999997 0.7302889999999996 0.8147109999999993 0.637633 0.43197800000000025 0.03209600000000001 0.4194110000000002 0.03698000000000001
36 SNU-81 Zero 49.0 0.7456 0.4902 0.5098 0.0 0.4902 0.4902 0.4902 0.4902 1.0 0.5098 1.0 0.5098
36 SNU-81 BRAF 49.0 0.4994 0.4994 0.0 0.0 0.4994 0.4994 0.4994 0.4994 1.0 0.0 1.0 0.0
36 SNU-81 PI3K 49.0 0.5038 0.0 1.0 0.0 0.0 0.0 0.0 0.0 1.0 1.0 1.0 1.0
35 KM12 BRAF 49.0 0.44370099999999985 0.27341699999999997 0.0 0.0 0.7358779999999999 0.7360310000000001 0.8288909999999998 0.6400609999999999 0.423463 0.0 0.42161899999999985 0.0
36 SNU-81 p53 49.0 1.0 0.493 0.507 0.0 0.493 0.493 0.493 0.493 1.0 0.507 1.0 0.507
37 SK-MEL-1 Zero 49.0 0.5092000000000001 0.2548 1.0 0.4908 0.2548 0.2548 0.2548 0.2548 1.0 1.0 1.0 1.0
35 KM12 PI3K 49.0 0.28485299999999997 0.0 0.33988099999999993 0.0 0.0 0.0 0.0 0.0 0.492401 0.28253500000000004 0.467744 0.307374
37 SK-MEL-1 BRAF 49.0 0.23090199999999997 0.13799100000000003 0.0 0.49600099999999997 0.378194 0.376938 0.42590000000000017 0.3354890000000001 0.4262060000000001 0.0 0.4251230000000001 0.0
35 KM12 p53 49.0 0.45149200000000006 0.2541759999999999 0.048463000000000006 0.0 0.7304809999999997 0.7252749999999999 0.820887 0.633985 0.43193300000000007 0.029977 0.43158100000000005 0.035938
37 SK-MEL-1 PI3K 49.0 0.4932 0.0 1.0 0.5068 0.0 0.0 0.0 0.0 1.0 1.0 1.0 1.0
38 T84 Zero 49.0 1.0 1.0 0.0 0.4952 1.0 1.0 1.0 1.0 1.0 0.0 1.0 0.0
37 SK-MEL-1 p53 49.0 1.0 0.5148 1.0 0.0 0.5148 0.5148 0.5148 0.5148 1.0 1.0 1.0 1.0
38 T84 BRAF 49.0 1.0 1.0 0.0 0.4982 1.0 1.0 1.0 1.0 1.0 0.0 1.0 0.0
39 C32 Zero 49.0 0.5045999999999999 0.243 1.0 0.4954 0.243 0.243 0.243 0.243 1.0 1.0 1.0 1.0
38 T84 PI3K 49.0 0.494 0.0 1.0 0.506 0.0 0.0 0.0 0.0 1.0 1.0 1.0 1.0
38 T84 p53 49.0 1.0 1.0 0.0 0.0 1.0 1.0 1.0 1.0 1.0 0.0 1.0 0.0
40 SNU-61 Zero 49.0 1.0 0.5172 0.4828 0.0 0.5172 0.5172 0.5172 0.5172 1.0 0.4828 1.0 0.4828
39 C32 BRAF 49.0 0.222433 0.135138 0.0 0.4916 0.37463199999999985 0.3763739999999999 0.4212049999999999 0.3265939999999999 0.42384000000000005 0.0 0.431492 0.0
40 SNU-61 BRAF 49.0 0.5 0.5 0.0 0.0 0.5 0.5 0.5 0.5 1.0 0.0 1.0 0.0
39 C32 PI3K 49.0 0.498 0.0 1.0 0.502 0.0 0.0 0.0 0.0 1.0 1.0 1.0 1.0
40 SNU-61 PI3K 49.0 1.0 0.0 1.0 0.0 0.0 0.0 0.0 0.0 1.0 1.0 1.0 1.0
39 C32 p53 49.0 1.0 0.5138 1.0 0.0 0.5138 0.5138 0.5138 0.5138 1.0 1.0 1.0 1.0
40 SNU-61 p53 49.0 1.0 0.5008 0.4992 0.0 0.5008 0.5008 0.5008 0.5008 1.0 0.4992 1.0 0.4992
41 LB2518-MEL Zero 49.0 0.48919999999999997 0.244 0.756 0.5108 0.244 0.244 0.244 0.244 1.0 0.756 1.0 0.756
41 LB2518-MEL BRAF 49.0 0.2494 0.2494 0.0 0.4974 0.2494 0.2494 0.2494 0.2494 1.0 0.0 1.0 0.0
41 LB2518-MEL PI3K 49.0 0.5084 0.0 1.0 0.4916 0.0 0.0 0.0 0.0 1.0 1.0 1.0 1.0
42 C2BBe1 Zero 49.0 0.23077099999999992 0.13423900000000002 0.21105799999999997 0.5001979999999999 0.3628470000000001 0.36492300000000005 0.4116330000000001 0.31800799999999996 0.46433499999999994 0.15680999999999998 0.45296200000000014 0.17985399999999999
41 LB2518-MEL p53 49.0 1.0 0.4716 0.5284 0.0 0.4716 0.4716 0.4716 0.4716 1.0 0.5284 1.0 0.5284
42 C2BBe1 BRAF 49.0 0.22916899999999996 0.143731 0.0 0.49659999999999993 0.37379699999999993 0.3766549999999998 0.41745499999999985 0.33067700000000005 0.4325819999999999 0.0 0.4224629999999999 0.0
43 CCK-81 Zero 49.0 0.49938000000000005 0.35952300000000004 0.0 0.5095999999999999 0.9999999999999999 0.9999999999999999 0.9999999999999999 0.9999999999999999 0.42593600000000004 0.0 0.42566100000000007 0.0
42 C2BBe1 PI3K 49.0 0.135611 0.0 0.367694 0.509402 0.0 0.0 0.0 0.0 0.505421 0.289894 0.48279700000000014 0.3180490000000001
43 CCK-81 BRAF 49.0 0.48489699999999997 0.35657399999999995 0.0 0.5055999999999998 0.9999989999999999 0.9999989999999999 0.9999989999999999 0.9999989999999999 0.418296 0.0 0.42126399999999997 0.0
42 C2BBe1 p53 49.0 0.4599579999999999 0.2686049999999999 0.056526999999999994 0.0 0.7295290000000003 0.7303950000000006 0.8224509999999999 0.646553 0.441167 0.031330000000000004 0.44031599999999993 0.04299399999999999
43 CCK-81 PI3K 49.0 0.14106600000000002 0.0 0.36036099999999993 0.4961999999999999 0.0 0.0 0.0 0.0 0.498552 0.282095 0.472022 0.315096
44 SK-CO-1 Zero 49.0 0.4966 0.244 0.756 0.5034 0.244 0.244 0.244 0.244 1.0 0.756 1.0 0.756
43 CCK-81 p53 49.0 0.498156 0.36184999999999995 0.0 0.0 1.0 1.0 1.0 1.0 0.422799 0.0 0.425191 0.0
44 SK-CO-1 BRAF 49.0 0.2518 0.2518 0.0 0.5042 0.2518 0.2518 0.2518 0.2518 1.0 0.0 1.0 0.0
45 SNU-407 Zero 49.0 1.0 1.0 0.0 0.5024 1.0 1.0 1.0 1.0 1.0 0.0 1.0 0.0
44 SK-CO-1 PI3K 49.0 0.5062 0.0 1.0 0.4938 0.0 0.0 0.0 0.0 1.0 1.0 1.0 1.0
45 SNU-407 BRAF 49.0 1.0 1.0 0.0 0.4994 1.0 1.0 1.0 1.0 1.0 0.0 1.0 0.0
44 SK-CO-1 p53 49.0 1.0 0.4786 0.5214 0.0 0.4786 0.4786 0.4786 0.4786 1.0 0.5214 1.0 0.5214
45 SNU-407 PI3K 49.0 0.5086 0.0 1.0 0.4914 0.0 0.0 0.0 0.0 1.0 1.0 1.0 1.0
46 RPMI-7951 Zero 49.0 0.5065999999999999 0.2628 1.0 0.4934 0.2628 0.2628 0.2628 0.2628 1.0 1.0 1.0 1.0
45 SNU-407 p53 49.0 1.0 1.0 0.0 0.0 1.0 1.0 1.0 1.0 1.0 0.0 1.0 0.0
47 SW48 Zero 49.0 1.0 1.0 0.0 0.5072 1.0 1.0 1.0 1.0 1.0 0.0 1.0 0.0
47 SW48 BRAF 49.0 1.0 1.0 0.0 0.4942 1.0 1.0 1.0 1.0 1.0 0.0 1.0 0.0
46 RPMI-7951 BRAF 49.0 0.224157 0.13237400000000002 0.0 0.49739900000000004 0.3761469999999999 0.37408699999999984 0.41590999999999995 0.3226649999999999 0.432202 0.0 0.42811799999999983 0.0
47 SW48 PI3K 49.0 0.0 0.0 0.0 0.491 0.0 0.0 0.0 0.0 1.0 0.0 1.0 0.0
46 RPMI-7951 PI3K 49.0 0.5114 0.0 1.0 0.4886 0.0 0.0 0.0 0.0 1.0 1.0 1.0 1.0
47 SW48 p53 49.0 1.0 1.0 0.0 0.0 1.0 1.0 1.0 1.0 1.0 0.0 1.0 0.0
46 RPMI-7951 p53 49.0 1.0 0.502 1.0 0.0 0.502 0.502 0.502 0.502 1.0 1.0 1.0 1.0
49 LS-123 Zero 49.0 1.0 0.5034 0.4966 0.0 0.5034 0.5034 0.5034 0.5034 1.0 0.4966 1.0 0.4966
49 LS-123 BRAF 49.0 0.4974 0.4974 0.0 0.0 0.4974 0.4974 0.4974 0.4974 1.0 0.0 1.0 0.0
48 COLO-320-HSR Zero 49.0 0.4585429999999998 0.26653999999999994 0.056249000000000014 0.0 0.7411529999999995 0.7378369999999994 0.8267390000000001 0.6370959999999998 0.441951 0.031238 0.440765 0.043661999999999986
49 LS-123 PI3K 49.0 1.0 0.0 1.0 0.0 0.0 0.0 0.0 0.0 1.0 1.0 1.0 1.0
49 LS-123 p53 49.0 1.0 0.5032 0.4968 0.0 0.5032 0.5032 0.5032 0.5032 1.0 0.4968 1.0 0.4968
48 COLO-320-HSR BRAF 49.0 0.44541000000000003 0.273123 0.0 0.0 0.7386440000000001 0.7418759999999996 0.830568 0.6489499999999999 0.4168050000000001 0.0 0.41915100000000005 0.0
50 WM35 Zero 49.0 0.5136000000000001 0.256 1.0 0.4864 0.256 0.256 0.256 0.256 1.0 1.0 1.0 1.0
48 COLO-320-HSR PI3K 49.0 0.287569 0.0 0.36741100000000004 0.0 0.0 0.0 0.0 0.0 0.5058419999999999 0.287173 0.475725 0.317912
50 WM35 BRAF 49.0 0.227944 0.13748100000000002 0.0 0.5023989999999999 0.3721269999999999 0.369322 0.41791200000000006 0.3308170000000001 0.4313699999999999 0.0 0.437089 0.0
50 WM35 PI3K 49.0 0.4986 0.0 1.0 0.5014 0.0 0.0 0.0 0.0 1.0 1.0 1.0 1.0
48 COLO-320-HSR p53 49.0 0.45577499999999943 0.26357799999999976 0.044746 0.0 0.7373179999999999 0.7327480000000003 0.823073 0.6420840000000001 0.4298109999999994 0.034086 0.4269819999999994 0.036486999999999985
50 WM35 p53 49.0 1.0 0.4894 1.0 0.0 0.4894 0.4894 0.4894 0.4894 1.0 1.0 1.0 1.0
51 IST-MEL1 Zero 49.0 1.0 0.4968 1.0 0.0 0.4968 0.4968 0.4968 0.4968 1.0 1.0 1.0 1.0
52 SW1417 Zero 49.0 0.496 0.2438 1.0 0.504 0.2438 0.2438 0.2438 0.2438 1.0 1.0 1.0 1.0
52 SW1417 BRAF 49.0 0.21956400000000004 0.12880899999999998 0.0 0.5084 0.36951799999999985 0.3695869999999999 0.4176959999999998 0.32616799999999996 0.4209889999999999 0.0 0.42340999999999984 0.0
51 IST-MEL1 BRAF 49.0 0.4431050000000001 0.262316 0.0 0.0 0.7372699999999999 0.7337459999999998 0.8260609999999997 0.6376609999999999 0.41731 0.0 0.41899100000000006 0.0
52 SW1417 PI3K 49.0 0.494 0.0 1.0 0.506 0.0 0.0 0.0 0.0 1.0 1.0 1.0 1.0
51 IST-MEL1 PI3K 49.0 1.0 0.0 1.0 0.0 0.0 0.0 0.0 0.0 1.0 1.0 1.0 1.0
52 SW1417 p53 49.0 1.0 0.5114 1.0 0.0 0.5114 0.5114 0.5114 0.5114 1.0 1.0 1.0 1.0
51 IST-MEL1 p53 49.0 1.0 0.4798 1.0 0.0 0.4798 0.4798 0.4798 0.4798 1.0 1.0 1.0 1.0
53 MDST8 Zero 49.0 0.4958 0.2452 0.9999999999999999 0.5042 0.2452 0.2452 0.2452 0.2452 0.9999999999999999 0.9999999999999999 0.9999999999999999 0.9999999999999999
54 GP5d Zero 49.0 1.0 1.0 0.0 0.4898 1.0 1.0 1.0 1.0 1.0 0.0 1.0 0.0
54 GP5d BRAF 49.0 1.0 1.0 0.0 0.5088 1.0 1.0 1.0 1.0 1.0 0.0 1.0 0.0
54 GP5d PI3K 49.0 0.5098 0.0 1.0 0.4902 0.0 0.0 0.0 0.0 1.0 1.0 1.0 1.0
53 MDST8 BRAF 49.0 0.2225310000000001 0.136142 0.0 0.506601 0.3699879999999999 0.369691 0.41275999999999996 0.3287899999999999 0.426569 0.0 0.431965 0.0
54 GP5d p53 49.0 1.0 1.0 0.0 0.0 1.0 1.0 1.0 1.0 1.0 0.0 1.0 0.0
53 MDST8 PI3K 49.0 0.4968 0.0 1.0 0.5032 0.0 0.0 0.0 0.0 1.0 1.0 1.0 1.0
53 MDST8 p53 49.0 1.0 0.5064 1.0 0.0 0.5064 0.5064 0.5064 0.5064 1.0 1.0 1.0 1.0
55 SW948 Zero 49.0 1.0 1.0 0.0 0.498 1.0 1.0 1.0 1.0 1.0 0.0 1.0 0.0
55 SW948 BRAF 49.0 1.0 1.0 0.0 0.497 1.0 1.0 1.0 1.0 1.0 0.0 1.0 0.0
56 Hs-940-T Zero 49.0 0.4938 0.2494 0.7505999999999999 0.5062 0.2494 0.2494 0.2494 0.2494 1.0 0.7505999999999999 1.0 0.7505999999999999
55 SW948 PI3K 49.0 0.5036 0.0 1.0 0.4964 0.0 0.0 0.0 0.0 1.0 1.0 1.0 1.0
56 Hs-940-T BRAF 49.0 0.2422 0.2422 0.0 0.5068 0.2422 0.2422 0.2422 0.2422 1.0 0.0 1.0 0.0
55 SW948 p53 49.0 1.0 1.0 0.0 0.0 1.0 1.0 1.0 1.0 1.0 0.0 1.0 0.0
56 Hs-940-T PI3K 49.0 0.4898 0.0 1.0 0.5102 0.0 0.0 0.0 0.0 1.0 1.0 1.0 1.0
56 Hs-940-T p53 49.0 1.0 0.5002 0.4998 0.0 0.5002 0.5002 0.5002 0.5002 1.0 0.4998 1.0 0.4998
57 HMV-II Zero 49.0 0.49060000000000004 0.251 1.0 0.5094 0.251 0.251 0.251 0.251 1.0 1.0 1.0 1.0
58 SW620 Zero 49.0 1.0 0.499 0.501 0.0 0.499 0.499 0.499 0.499 1.0 0.501 1.0 0.501
57 HMV-II BRAF 49.0 0.2584 0.2584 0.0 0.4946 0.2584 0.2584 0.2584 0.2584 1.0 0.0 1.0 0.0
57 HMV-II PI3K 49.0 0.494 0.0 1.0 0.506 0.0 0.0 0.0 0.0 1.0 1.0 1.0 1.0
58 SW620 BRAF 49.0 0.4936 0.4936 0.0 0.0 0.4936 0.4936 0.4936 0.4936 1.0 0.0 1.0 0.0
58 SW620 PI3K 49.0 1.0 0.0 1.0 0.0 0.0 0.0 0.0 0.0 1.0 1.0 1.0 1.0
57 HMV-II p53 49.0 1.0 0.496 1.0 0.0 0.496 0.496 0.496 0.496 1.0 1.0 1.0 1.0
58 SW620 p53 49.0 1.0 0.4748 0.5252 0.0 0.4748 0.4748 0.4748 0.4748 1.0 0.5252 1.0 0.5252
59 SK-MEL-5 Zero 49.0 0.5045999999999999 0.2512 1.0 0.4954 0.2512 0.2512 0.2512 0.2512 1.0 1.0 1.0 1.0
60 WM278 Zero 49.0 0.505 0.2436 1.0 0.495 0.2436 0.2436 0.2436 0.2436 1.0 1.0 1.0 1.0
59 SK-MEL-5 BRAF 49.0 0.22867899999999994 0.14185399999999998 0.0 0.5019990000000001 0.36836600000000014 0.3695389999999999 0.41554200000000013 0.31835300000000005 0.42407100000000003 0.0 0.42417400000000005 0.0
59 SK-MEL-5 PI3K 49.0 0.505 0.0 1.0 0.495 0.0 0.0 0.0 0.0 1.0 1.0 1.0 1.0
60 WM278 BRAF 49.0 0.228393 0.13884500000000002 0.0 0.4996 0.373743 0.37121799999999994 0.41583899999999996 0.325027 0.42583599999999994 0.0 0.4241699999999998 0.0
60 WM278 PI3K 49.0 0.502 0.0 1.0 0.498 0.0 0.0 0.0 0.0 1.0 1.0 1.0 1.0
59 SK-MEL-5 p53 49.0 1.0 0.5002 1.0 0.0 0.5002 0.5002 0.5002 0.5002 1.0 1.0 1.0 1.0
60 WM278 p53 49.0 1.0 0.5042 1.0 0.0 0.5042 0.5042 0.5042 0.5042 1.0 1.0 1.0 1.0
61 HCT-116 Zero 49.0 1.0 1.0 0.0 0.4976 1.0 1.0 1.0 1.0 1.0 0.0 1.0 0.0
62 K2 Zero 49.0 0.5176000000000001 0.2596 1.0 0.4824 0.2596 0.2596 0.2596 0.2596 1.0 1.0 1.0 1.0
61 HCT-116 BRAF 49.0 1.0 1.0 0.0 0.5074 1.0 1.0 1.0 1.0 1.0 0.0 1.0 0.0
61 HCT-116 PI3K 49.0 0.5086 0.0 1.0 0.4914 0.0 0.0 0.0 0.0 1.0 1.0 1.0 1.0
61 HCT-116 p53 49.0 1.0 1.0 0.0 0.0 1.0 1.0 1.0 1.0 1.0 0.0 1.0 0.0
62 K2 BRAF 49.0 0.21943899999999997 0.13311100000000003 0.0 0.5076 0.3700119999999999 0.3736449999999999 0.41358799999999984 0.32442299999999996 0.4329589999999998 0.0 0.43409400000000004 0.0
62 K2 PI3K 49.0 0.4952 0.0 1.0 0.5048 0.0 0.0 0.0 0.0 1.0 1.0 1.0 1.0
63 RVH-421 Zero 49.0 0.4864 0.2388 1.0 0.5136 0.2388 0.2388 0.2388 0.2388 1.0 1.0 1.0 1.0
62 K2 p53 49.0 1.0 0.4966 1.0 0.0 0.4966 0.4966 0.4966 0.4966 1.0 1.0 1.0 1.0
64 COLO-800 Zero 49.0 1.0 0.4968 1.0 0.0 0.4968 0.4968 0.4968 0.4968 1.0 1.0 1.0 1.0
63 RVH-421 BRAF 49.0 0.2154 0.130929 0.0 0.509 0.36338400000000004 0.3647530000000001 0.4082600000000001 0.31703600000000004 0.419173 0.0 0.417039 0.0
63 RVH-421 PI3K 49.0 0.4952 0.0 1.0 0.5048 0.0 0.0 0.0 0.0 1.0 1.0 1.0 1.0
63 RVH-421 p53 49.0 1.0 0.5124 1.0 0.0 0.5124 0.5124 0.5124 0.5124 1.0 1.0 1.0 1.0
64 COLO-800 BRAF 49.0 0.4443429999999998 0.261493 0.0 0.0 0.7287600000000002 0.728193 0.8264920000000001 0.6346940000000001 0.4209529999999999 0.0 0.41947499999999993 0.0
64 COLO-800 PI3K 49.0 1.0 0.0 1.0 0.0 0.0 0.0 0.0 0.0 1.0 1.0 1.0 1.0
65 RCM-1 Zero 49.0 0.492 0.236 0.764 0.508 0.236 0.236 0.236 0.236 1.0 0.764 1.0 0.764
64 COLO-800 p53 49.0 1.0 0.502 1.0 0.0 0.502 0.502 0.502 0.502 1.0 1.0 1.0 1.0
65 RCM-1 BRAF 49.0 0.2482 0.2482 0.0 0.5022 0.2482 0.2482 0.2482 0.2482 1.0 0.0 1.0 0.0
65 RCM-1 PI3K 49.0 0.5002 0.0 1.0 0.4998 0.0 0.0 0.0 0.0 1.0 1.0 1.0 1.0
66 COLO-679 Zero 49.0 0.4942 0.2448 1.0 0.5058 0.2448 0.2448 0.2448 0.2448 1.0 1.0 1.0 1.0
65 RCM-1 p53 49.0 1.0 0.4932 0.5068 0.0 0.4932 0.4932 0.4932 0.4932 1.0 0.5068 1.0 0.5068
66 COLO-679 BRAF 49.0 0.226502 0.133641 0.0 0.49300099999999997 0.3757090000000001 0.37438199999999994 0.42582800000000015 0.32909200000000005 0.4264560000000001 0.0 0.42359400000000014 0.0
67 HCC2998 Zero 49.0 0.7385999999999999 0.4916 0.5084 0.0 0.4916 0.4916 1.0 0.4916 1.0 0.5084 1.0 0.5084
66 COLO-679 PI3K 49.0 0.504 0.0 1.0 0.496 0.0 0.0 0.0 0.0 1.0 1.0 1.0 1.0
67 HCC2998 BRAF 49.0 0.7576 0.5018 0.0 0.0 0.5018 0.5018 1.0 0.5018 1.0 0.0 1.0 0.0
66 COLO-679 p53 49.0 1.0 0.5082 1.0 0.0 0.5082 0.5082 0.5082 0.5082 1.0 1.0 1.0 1.0
67 HCC2998 PI3K 49.0 0.499 0.0 1.0 0.0 0.0 0.0 1.0 0.0 1.0 1.0 1.0 1.0
67 HCC2998 p53 49.0 1.0 0.502 0.498 0.0 0.502 0.502 1.0 0.502 1.0 0.498 1.0 0.498
68 WM-115 Zero 49.0 0.509 0.2582 1.0 0.491 0.2582 0.2582 0.2582 0.2582 1.0 1.0 1.0 1.0
69 NCI-H747 Zero 49.0 1.0 0.5 0.5 0.0 0.5 0.5 0.5 0.5 1.0 0.5 1.0 0.5
69 NCI-H747 BRAF 49.0 0.5072 0.5072 0.0 0.0 0.5072 0.5072 0.5072 0.5072 1.0 0.0 1.0 0.0
68 WM-115 BRAF 49.0 0.23395100000000008 0.13852 0.0 0.49099899999999996 0.3745159999999999 0.37357199999999996 0.42297300000000004 0.32438200000000006 0.4321110000000001 0.0 0.43029800000000007 0.0
69 NCI-H747 PI3K 49.0 1.0 0.0 1.0 0.0 0.0 0.0 0.0 0.0 1.0 1.0 1.0 1.0
68 WM-115 PI3K 49.0 0.5174 0.0 1.0 0.4826 0.0 0.0 0.0 0.0 1.0 1.0 1.0 1.0
69 NCI-H747 p53 49.0 1.0 0.4956 0.5044 0.0 0.4956 0.4956 0.4956 0.4956 1.0 0.5044 1.0 0.5044
68 WM-115 p53 49.0 1.0 0.4988 1.0 0.0 0.4988 0.4988 0.4988 0.4988 1.0 1.0 1.0 1.0
70 SK-MEL-2 Zero 49.0 1.0 0.5042 0.4958 0.0 0.5042 0.5042 0.5042 0.5042 1.0 0.4958 1.0 0.4958
71 CP66-MEL Zero 49.0 0.4988 0.252 0.748 0.5012 0.252 0.252 0.252 0.252 1.0 0.748 1.0 0.748
70 SK-MEL-2 BRAF 49.0 0.4996 0.4996 0.0 0.0 0.4996 0.4996 0.4996 0.4996 1.0 0.0 1.0 0.0
71 CP66-MEL BRAF 49.0 0.2552 0.2552 0.0 0.4972 0.2552 0.2552 0.2552 0.2552 0.9999999999999999 0.0 0.9999999999999999 0.0
70 SK-MEL-2 PI3K 49.0 1.0 0.0 1.0 0.0 0.0 0.0 0.0 0.0 1.0 1.0 1.0 1.0
71 CP66-MEL PI3K 49.0 0.5122 0.0 1.0 0.4878 0.0 0.0 0.0 0.0 1.0 1.0 1.0 1.0
70 SK-MEL-2 p53 49.0 1.0 0.4918 0.5082 0.0 0.4918 0.4918 0.4918 0.4918 1.0 0.5082 1.0 0.5082
71 CP66-MEL p53 49.0 1.0 0.4902 0.5098 0.0 0.4902 0.4902 0.4902 0.4902 1.0 0.5098 1.0 0.5098
72 A2058 Zero 49.0 1.0 0.5104 1.0 0.0 0.5104 0.5104 0.5104 0.5104 1.0 1.0 1.0 1.0
72 A2058 BRAF 49.0 0.5002 0.5002 0.0 0.0 0.5002 0.5002 0.5002 0.5002 1.0 0.0 1.0 0.0
73 Mewo Zero 49.0 0.2285669999999999 0.13341599999999995 0.21612499999999998 0.512002 0.353929 0.35412199999999994 0.39317599999999986 0.30879200000000007 0.47644200000000003 0.16823899999999997 0.4597179999999999 0.18377300000000002
72 A2058 PI3K 49.0 1.0 0.0 1.0 0.0 0.0 0.0 0.0 0.0 1.0 1.0 1.0 1.0
72 A2058 p53 49.0 1.0 0.496 1.0 0.0 0.496 0.496 0.496 0.496 1.0 1.0 1.0 1.0
73 Mewo BRAF 49.0 0.22542599999999993 0.13092799999999996 0.0 0.49679999999999996 0.370003 0.36911800000000017 0.41598700000000005 0.3230540000000001 0.43018300000000026 0.0 0.4259440000000001 0.0
74 COLO-205 Zero 49.0 0.4914 0.244 1.0 0.5086 0.244 0.244 0.244 0.244 1.0 1.0 1.0 1.0
73 Mewo PI3K 49.0 0.144415 0.0 0.36678399999999994 0.497601 0.0 0.0 0.0 0.0 0.5147039999999999 0.282345 0.48480000000000006 0.31835899999999995
74 COLO-205 BRAF 49.0 0.22643700000000005 0.13585500000000003 0.0 0.49679999999999996 0.3784529999999999 0.3799669999999999 0.4232069999999999 0.3269119999999999 0.42679900000000004 0.0 0.418562 0.0
74 COLO-205 PI3K 49.0 0.4958 0.0 1.0 0.5042 0.0 0.0 0.0 0.0 1.0 1.0 1.0 1.0
74 COLO-205 p53 49.0 1.0 0.4958 1.0 0.0 0.4958 0.4958 0.4958 0.4958 1.0 1.0 1.0 1.0
73 Mewo p53 49.0 0.45683 0.26413600000000004 0.05334699999999999 0.0 0.7294219999999993 0.7324079999999994 0.8201619999999997 0.6371839999999999 0.43052 0.028071 0.42378599999999994 0.034553
75 SH-4 Zero 49.0 0.49339999999999995 0.2502 1.0 0.5066 0.2502 0.2502 0.2502 0.2502 1.0 1.0 1.0 1.0
76 WM1552C Zero 49.0 1.0 0.5054 1.0 0.0 0.5054 0.5054 0.5054 0.5054 1.0 1.0 1.0 1.0
75 SH-4 BRAF 49.0 0.22376099999999996 0.13641399999999995 0.0 0.5044 0.3680319999999999 0.367426 0.41462200000000005 0.32338600000000006 0.4242170000000001 0.0 0.42944300000000024 0.0
76 WM1552C BRAF 49.0 0.4511239999999998 0.268088 0.0 0.0 0.7466740000000001 0.7501740000000001 0.8348490000000002 0.65624 0.43036199999999986 0.0 0.42643599999999987 0.0
75 SH-4 PI3K 49.0 0.5062 0.0 1.0 0.4938 0.0 0.0 0.0 0.0 1.0 1.0 1.0 1.0
76 WM1552C PI3K 49.0 1.0 0.0 1.0 0.0 0.0 0.0 0.0 0.0 1.0 1.0 1.0 1.0
75 SH-4 p53 49.0 1.0 0.5094 1.0 0.0 0.5094 0.5094 0.5094 0.5094 1.0 1.0 1.0 1.0
76 WM1552C p53 49.0 1.0 0.5026 1.0 0.0 0.5026 0.5026 0.5026 0.5026 1.0 1.0 1.0 1.0
77 CL-11 Zero 49.0 0.49260000000000004 0.25 0.75 0.5074 0.25 0.25 0.25 0.25 1.0 0.75 1.0 0.75
78 SW1463 Zero 49.0 1.0 0.5012 0.4988 0.0 0.5012 0.5012 0.5012 0.5012 1.0 0.4988 1.0 0.4988
77 CL-11 BRAF 49.0 0.2446 0.2446 0.0 0.4956 0.2446 0.2446 0.2446 0.2446 1.0 0.0 1.0 0.0
78 SW1463 BRAF 49.0 0.4984 0.4984 0.0 0.0 0.4984 0.4984 0.4984 0.4984 1.0 0.0 1.0 0.0
77 CL-11 PI3K 49.0 0.5018 0.0 1.0 0.4982 0.0 0.0 0.0 0.0 1.0 1.0 1.0 1.0
78 SW1463 PI3K 49.0 1.0 0.0 1.0 0.0 0.0 0.0 0.0 0.0 1.0 1.0 1.0 1.0
77 CL-11 p53 49.0 1.0 0.4908 0.5092 0.0 0.4908 0.4908 0.4908 0.4908 1.0 0.5092 1.0 0.5092
78 SW1463 p53 49.0 1.0 0.5022 0.4978 0.0 0.5022 0.5022 0.5022 0.5022 1.0 0.4978 1.0 0.4978
79 SK-MEL-31 Zero 49.0 0.5016 0.2516 1.0 0.4984 0.2516 0.2516 0.2516 0.2516 1.0 1.0 1.0 1.0
80 CP67-MEL Zero 49.0 0.5034 0.2436 1.0 0.4966 0.2436 0.2436 0.2436 0.2436 1.0 1.0 1.0 1.0
79 SK-MEL-31 BRAF 49.0 0.22019199999999994 0.127479 0.0 0.502999 0.365635 0.366895 0.41362199999999993 0.321943 0.43414500000000006 0.0 0.42723800000000006 0.0
80 CP67-MEL BRAF 49.0 0.21020000000000005 0.129886 0.0 0.5048 0.36762299999999976 0.36659699999999995 0.41366299999999967 0.3210749999999999 0.4193319999999998 0.0 0.42579899999999987 0.0
79 SK-MEL-31 PI3K 49.0 0.4994 0.0 1.0 0.5006 0.0 0.0 0.0 0.0 1.0 1.0 1.0 1.0
80 CP67-MEL PI3K 49.0 0.491 0.0 1.0 0.509 0.0 0.0 0.0 0.0 1.0 1.0 1.0 1.0
79 SK-MEL-31 p53 49.0 1.0 0.5032 1.0 0.0 0.5032 0.5032 0.5032 0.5032 1.0 1.0 1.0 1.0
80 CP67-MEL p53 49.0 1.0 0.4848 1.0 0.0 0.4848 0.4848 0.4848 0.4848 1.0 1.0 1.0 1.0
81 SW626 Zero 49.0 0.495 0.2524 0.7476 0.505 0.2524 0.2524 0.2524 0.2524 1.0 0.7476 1.0 0.7476
81 SW626 BRAF 49.0 0.2498 0.2498 0.0 0.4984 0.2498 0.2498 0.2498 0.2498 1.0 0.0 1.0 0.0
82 CW-2 Zero 49.5 0.260216 0.185528 0.197876 0.503 0.497 0.497 0.497 0.497 0.48935999999999996 0.145008 0.48745199999999994 0.167185
81 SW626 PI3K 49.0 0.504 0.0 1.0 0.496 0.0 0.0 0.0 0.0 1.0 1.0 1.0 1.0
81 SW626 p53 49.0 1.0 0.4984 0.5016 0.0 0.4984 0.4984 0.4984 0.4984 1.0 0.5016 1.0 0.5016
82 CW-2 BRAF 49.5 0.26745199999999997 0.19251300000000002 0.0 0.501001 0.4989999999999999 0.4989999999999999 0.4989999999999999 0.4989999999999999 0.466184 0.0 0.463821 0.0
83 GAK Zero 49.0 0.502 0.25 0.75 0.498 0.25 0.25 0.25 0.25 1.0 0.75 1.0 0.75
83 GAK BRAF 49.0 0.2512 0.2512 0.0 0.4972 0.2512 0.2512 0.2512 0.2512 0.9999999999999999 0.0 0.9999999999999999 0.0
82 CW-2 PI3K 49.5 0.151259 0.0 0.383971 0.500601 0.0 0.0 0.0 0.0 0.5483959999999999 0.30632100000000007 0.5064509999999999 0.33532400000000007
83 GAK PI3K 49.0 0.4998 0.0 1.0 0.5002 0.0 0.0 0.0 0.0 1.0 1.0 1.0 1.0
83 GAK p53 49.0 1.0 0.507 0.493 0.0 0.507 0.507 0.507 0.507 1.0 0.493 1.0 0.493
82 CW-2 p53 49.5 0.544416 0.39198000000000005 0.0 0.0 1.0 1.0 1.0 1.0 0.470312 0.0 0.461807 0.0
84 HT-29 Zero 49.0 1.0 1.0 1.0 0.0 1.0 1.0 1.0 1.0 1.0 1.0 1.0 1.0
85 SW1116 Zero 49.0 0.5014000000000001 0.247 0.753 0.4986 0.247 0.247 0.247 0.247 1.0 0.753 1.0 0.753
85 SW1116 BRAF 49.0 0.2606 0.2606 0.0 0.487 0.2606 0.2606 0.2606 0.2606 1.0 0.0 1.0 0.0
84 HT-29 BRAF 49.0 0.476477 0.34217299999999995 0.0 0.0 1.000001 1.000001 1.000001 1.000001 0.418839 0.0 0.429988 0.0
85 SW1116 PI3K 49.0 0.4948 0.0 1.0 0.5052 0.0 0.0 0.0 0.0 1.0 1.0 1.0 1.0
84 HT-29 PI3K 49.0 1.0 0.0 1.0 0.0 0.0 0.0 0.0 0.0 1.0 1.0 1.0 1.0
85 SW1116 p53 49.0 1.0 0.5004 0.4996 0.0 0.5004 0.5004 0.5004 0.5004 1.0 0.4996 1.0 0.4996
84 HT-29 p53 49.0 1.0 1.0 1.0 0.0 1.0 1.0 1.0 1.0 1.0 1.0 1.0 1.0
86 SK-MEL-30 Zero 49.0 0.5032000000000001 0.2528 1.0 0.4968 0.2528 0.2528 0.2528 0.2528 1.0 1.0 1.0 1.0
87 LS1034 Zero 49.0 1.0 0.4984 0.5016 0.0 0.4984 0.4984 0.4984 0.4984 1.0 0.5016 1.0 0.5016
86 SK-MEL-30 BRAF 49.0 0.2512 0.2512 0.0 0.4956 0.2512 0.2512 0.2512 0.2512 1.0 0.0 1.0 0.0
87 LS1034 BRAF 49.0 0.5012 0.5012 0.0 0.0 0.5012 0.5012 0.5012 0.5012 1.0 0.0 1.0 0.0
86 SK-MEL-30 PI3K 49.0 0.499 0.0 1.0 0.501 0.0 0.0 0.0 0.0 1.0 1.0 1.0 1.0
87 LS1034 PI3K 49.0 1.0 0.0 1.0 0.0 0.0 0.0 0.0 0.0 1.0 1.0 1.0 1.0
86 SK-MEL-30 p53 49.0 1.0 0.4988 1.0 0.0 0.4988 0.4988 0.4988 0.4988 1.0 1.0 1.0 1.0
87 LS1034 p53 49.0 1.0 0.503 0.497 0.0 0.503 0.503 0.503 0.503 1.0 0.497 1.0 0.497
89 RKO Zero 49.0 1.0 1.0 1.0 0.5004 1.0 1.0 1.0 1.0 1.0 1.0 1.0 1.0
88 IPC-298 Zero 49.0 0.5098 0.2534 0.7466 0.4902 0.2534 0.2534 0.2534 0.2534 1.0 0.7466 1.0 0.7466
88 IPC-298 BRAF 49.0 0.2594 0.2594 0.0 0.4978 0.2594 0.2594 0.2594 0.2594 1.0 0.0 1.0 0.0
89 RKO BRAF 49.0 0.49271600000000004 0.356737 0.0 0.489599 1.000001 1.000001 1.000001 1.000001 0.426533 0.0 0.43498899999999996 0.0
88 IPC-298 PI3K 49.0 0.4988 0.0 1.0 0.5012 0.0 0.0 0.0 0.0 1.0 1.0 1.0 1.0
89 RKO PI3K 49.0 0.5084 0.0 1.0 0.4916 0.0 0.0 0.0 0.0 1.0 1.0 1.0 1.0
88 IPC-298 p53 49.0 1.0 0.4986 0.5014 0.0 0.4986 0.4986 0.4986 0.4986 1.0 0.5014 1.0 0.5014
89 RKO p53 49.0 1.0 1.0 1.0 0.0 1.0 1.0 1.0 1.0 1.0 1.0 1.0 1.0
91 SK-MEL-24 Zero 49.0 0.5025999999999999 0.2536 1.0 0.4974 0.2536 0.2536 0.2536 0.2536 1.0 1.0 1.0 1.0
90 WT Zero 49.0 0.22849700000000006 0.12896799999999997 0.19960200000000003 0.508801 0.35914199999999996 0.355394 0.4032570000000002 0.31223499999999993 0.46584899999999996 0.15047100000000002 0.44598299999999996 0.16756000000000007
91 SK-MEL-24 BRAF 49.0 0.22473199999999996 0.132177 0.0 0.4988 0.36886499999999983 0.366789 0.4118239999999999 0.3150389999999999 0.4392469999999999 0.0 0.42919299999999977 0.0
90 WT BRAF 49.0 0.2179389999999999 0.12819299999999997 0.0 0.497601 0.37315600000000004 0.3752840000000001 0.41712899999999997 0.324834 0.4228929999999999 0.0 0.431041 0.0
91 SK-MEL-24 PI3K 49.0 0.498 0.0 1.0 0.502 0.0 0.0 0.0 0.0 1.0 1.0 1.0 1.0
91 SK-MEL-24 p53 49.0 1.0 0.495 1.0 0.0 0.495 0.495 0.495 0.495 1.0 1.0 1.0 1.0
90 WT PI3K 49.0 0.14333500000000002 0.0 0.359508 0.500401 0.0 0.0 0.0 0.0 0.5047869999999999 0.28075999999999995 0.46715199999999996 0.307772
92 CaR-1 Zero 49.0 0.462069 0.2612409999999999 0.053724 0.0 0.73641 0.7319999999999999 0.825076 0.6423599999999998 0.436901 0.03490999999999998 0.43816200000000005 0.04118
90 WT p53 49.0 0.46332700000000027 0.2696410000000001 0.05076499999999998 0.0 0.7285229999999996 0.724535 0.8231710000000002 0.6418200000000001 0.4389950000000003 0.035967 0.4411760000000002 0.04223599999999999
93 G-MEL Zero 49.0 0.5085999999999999 0.2566 1.0 0.4914 0.2566 0.2566 0.2566 0.2566 1.0 1.0 1.0 1.0
92 CaR-1 BRAF 49.0 0.4585580000000001 0.27147 0.0 0.0 0.738482 0.7370429999999999 0.8375600000000001 0.6462120000000002 0.42851999999999996 0.0 0.4236059999999999 0.0
93 G-MEL BRAF 49.0 0.22378399999999998 0.13111899999999996 0.0 0.5022 0.36821 0.368262 0.413238 0.315193 0.4298550000000001 0.0 0.429097 0.0
92 CaR-1 PI3K 49.0 0.281529 0.0 0.364274 0.0 0.0 0.0 0.0 0.0 0.501404 0.273859 0.47374799999999995 0.308409
93 G-MEL PI3K 49.0 0.497 0.0 1.0 0.503 0.0 0.0 0.0 0.0 1.0 1.0 1.0 1.0
93 G-MEL p53 49.0 1.0 0.5068 1.0 0.0 0.5068 0.5068 0.5068 0.5068 1.0 1.0 1.0 1.0
92 CaR-1 p53 49.0 0.4522329999999998 0.26154399999999994 0.047877 0.0 0.7268809999999997 0.7242299999999997 0.8142909999999998 0.6313739999999999 0.42686399999999985 0.03182899999999999 0.4287209999999999 0.03566
94 A375 Zero 49.0 0.5012 0.2564 1.0 0.4988 0.2564 0.2564 0.2564 0.2564 1.0 1.0 1.0 1.0
95 COLO-783 Zero 49.0 0.5042 0.2604 1.0 0.4958 0.2604 0.2604 0.2604 0.2604 1.0 1.0 1.0 1.0
94 A375 BRAF 49.0 0.225898 0.134578 0.0 0.501 0.37394099999999997 0.373171 0.41739299999999996 0.326114 0.4150059999999999 0.0 0.420626 0.0
95 COLO-783 BRAF 49.0 0.22203600000000004 0.132319 0.0 0.4912 0.369468 0.3705420000000001 0.42238 0.32481 0.42787099999999995 0.0 0.42392199999999985 0.0
94 A375 PI3K 49.0 0.5098 0.0 1.0 0.4902 0.0 0.0 0.0 0.0 1.0 1.0 1.0 1.0
95 COLO-783 PI3K 49.0 0.4986 0.0 1.0 0.5014 0.0 0.0 0.0 0.0 1.0 1.0 1.0 1.0
94 A375 p53 49.0 1.0 0.4936 1.0 0.0 0.4936 0.4936 0.4936 0.4936 1.0 1.0 1.0 1.0
95 COLO-783 p53 49.0 1.0 0.4934 1.0 0.0 0.4934 0.4934 0.4934 0.4934 1.0 1.0 1.0 1.0
96 SK-MEL-28 Zero 49.0 1.0 0.509 1.0 0.0 0.509 0.509 0.509 0.509 1.0 1.0 1.0 1.0
97 HCT-15 Zero 49.0 1.0 1.0 0.0 0.0 1.0 1.0 1.0 1.0 1.0 0.0 1.0 0.0
97 HCT-15 BRAF 49.0 1.0 1.0 0.0 0.0 1.0 1.0 1.0 1.0 1.0 0.0 1.0 0.0
97 HCT-15 PI3K 49.0 1.0 0.0 1.0 0.0 0.0 0.0 0.0 0.0 1.0 1.0 1.0 1.0
96 SK-MEL-28 BRAF 49.0 0.4384950000000001 0.26139299999999993 0.0 0.0 0.7266279999999998 0.7274330000000001 0.8287850000000002 0.6271339999999999 0.41940800000000017 0.0 0.42502800000000013 0.0
97 HCT-15 p53 49.0 1.0 1.0 0.0 0.0 1.0 1.0 1.0 1.0 1.0 0.0 1.0 0.0
96 SK-MEL-28 PI3K 49.0 1.0 0.0 1.0 0.0 0.0 0.0 0.0 0.0 1.0 1.0 1.0 1.0
96 SK-MEL-28 p53 49.0 1.0 0.5066 1.0 0.0 0.5066 0.5066 0.5066 0.5066 1.0 1.0 1.0 1.0
98 M14 Zero 49.0 1.0 0.5032 1.0 0.0 0.5032 0.5032 0.5032 0.5032 1.0 1.0 1.0 1.0
99 LS-180 Zero 49.0 1.0 1.0 0.0 0.4908 1.0 1.0 1.0 1.0 1.0 0.0 1.0 0.0
99 LS-180 BRAF 49.0 1.0 1.0 0.0 0.5042 1.0 1.0 1.0 1.0 1.0 0.0 1.0 0.0
98 M14 BRAF 49.0 0.4486970000000001 0.27484600000000003 0.0 0.0 0.747263 0.7478249999999997 0.8390039999999999 0.6609419999999999 0.433963 0.0 0.4334630000000001 0.0
99 LS-180 PI3K 49.0 0.501 0.0 1.0 0.499 0.0 0.0 0.0 0.0 1.0 1.0 1.0 1.0
98 M14 PI3K 49.0 1.0 0.0 1.0 0.0 0.0 0.0 0.0 0.0 1.0 1.0 1.0 1.0
99 LS-180 p53 49.0 1.0 1.0 0.0 0.0 1.0 1.0 1.0 1.0 1.0 0.0 1.0 0.0
98 M14 p53 49.0 1.0 0.5044 1.0 0.0 0.5044 0.5044 0.5044 0.5044 1.0 1.0 1.0 1.0
100 MZ2-MEL Zero 49.0 0.5034 0.2568 0.7432 0.4966 0.2568 0.2568 0.2568 0.2568 1.0 0.7432 1.0 0.7432
100 MZ2-MEL BRAF 49.0 0.2486 0.2486 0.0 0.5136 0.2486 0.2486 0.2486 0.2486 1.0 0.0 1.0 0.0
101 LoVo Zero 49.0 0.4996 0.2454 0.7545999999999999 0.5004 0.2454 0.2454 0.2454 0.2454 1.0 0.7545999999999999 1.0 0.7545999999999999
100 MZ2-MEL PI3K 49.0 0.4874 0.0 1.0 0.5126 0.0 0.0 0.0 0.0 1.0 1.0 1.0 1.0
101 LoVo BRAF 49.0 0.244 0.244 0.0 0.5036 0.244 0.244 0.244 0.244 1.0 0.0 1.0 0.0
100 MZ2-MEL p53 49.0 1.0 0.499 0.501 0.0 0.499 0.499 0.499 0.499 1.0 0.501 1.0 0.501
101 LoVo PI3K 49.0 0.504 0.0 1.0 0.496 0.0 0.0 0.0 0.0 1.0 1.0 1.0 1.0
101 LoVo p53 49.0 1.0 0.5076 0.4924 0.0 0.5076 0.5076 0.5076 0.5076 1.0 0.4924 1.0 0.4924
102 HT-115 Zero 49.0 0.490416 0.35517200000000004 0.0 0.4968 1.000002 1.000002 1.000002 1.000002 0.42233199999999993 0.0 0.42275099999999993 0.0
102 HT-115 BRAF 49.0 0.498229 0.35899 0.0 0.5016 0.9999990000000001 0.9999990000000001 0.9999990000000001 0.9999990000000001 0.432592 0.0 0.43016699999999997 0.0
102 HT-115 PI3K 49.0 0.14671 0.0 0.3569299999999999 0.503801 0.0 0.0 0.0 0.0 0.5018050000000001 0.28949 0.4751580000000001 0.31237400000000004
102 HT-115 p53 49.0 0.487666 0.358627 0.0 0.0 0.999998 0.999998 0.999998 0.999998 0.422474 0.0 0.41979199999999994 0.0
