n_profile Patient_ID Drug_ID Time Proliferation_b1 Proliferation_b2 BRAF PTEN AKT PDPK1 p70_b1 p70_b2 ERK_b1 ERK_b2 MEK_b1 MEK_b2
0 IGR-1 Zero 49.0 0.771367 0.36557200000000006 1.0000019999999998 0.23933900000000005 0.4031910000000001 0.37896900000000006 0.47346200000000005 0.36553500000000005 1.0000019999999998 1.0000019999999998 1.0000019999999998 1.0000019999999998
0 IGR-1 BRAF 49.0 0.10917499999999998 0.07980499999999999 0.0 0.243473 0.40026199999999995 0.37512499999999993 0.47007299999999996 0.36227799999999993 0.127321 0.0 0.133485 0.0
0 IGR-1 PI3K 49.0 0.721023 0.0 1.0 0.251743 0.006403 0.0 0.06848900000000001 0.0 1.0 1.0 1.0 1.0
0 IGR-1 p53 49.0 1.0 0.478036 1.0 0.0 0.49979999999999997 0.4972 0.5349450000000001 0.479254 1.0 1.0 1.0 1.0
1 COLO-792 Zero 49.0 0.168973 0.094535 0.004037 0.111001 0.463656 0.44202100000000005 0.739175 0.424316 0.23317900000000005 0.0039759999999999995 0.20257900000000004 0.0046890000000000005
1 COLO-792 BRAF 49.0 0.16277100000000003 0.094768 0.0 0.11439899999999999 0.44696199999999997 0.426087 0.739249 0.409972 0.223683 0.0 0.19337100000000002 0.0
1 COLO-792 PI3K 49.0 0.11452799999999999 0.0 0.010079 0.113402 0.0037999999999999996 0.0 0.5181720000000001 0.0 0.230501 0.009738000000000002 0.19799100000000003 0.010242000000000001
1 COLO-792 p53 49.0 0.18638699999999997 0.10462100000000002 0.006016 0.0 0.5044979999999999 0.47387699999999994 0.7671979999999999 0.456982 0.22672999999999996 0.003173 0.19541499999999998 0.004873
2 GP5d Zero 49.0 0.9999999999999999 0.8528559999999998 0.012232 0.6437489999999999 0.9999999999999999 0.9999999999999999 0.9999999999999999 0.8635609999999998 0.9999999999999999 0.016420000000000004 0.9999999999999999 0.014211
2 GP5d BRAF 49.0 0.9998 0.8635299999999999 0.0 0.642045 1.0 1.0 1.0 0.8737659999999999 1.0 0.0 1.0 0.0
2 GP5d PI3K 49.0 0.6607109999999999 0.113123 0.8837159999999998 0.622904 0.117212 0.116134 0.14223000000000002 0.10880599999999997 0.999999 0.8716189999999998 0.999999 0.8778909999999999
2 GP5d p53 49.0 0.9999989999999999 0.8640479999999998 0.013145 0.34641799999999995 0.9999989999999999 0.9999989999999999 0.9999989999999999 0.8740289999999998 0.9999989999999999 0.015560999999999998 0.9999989999999999 0.014468
3 WM278 Zero 49.0 0.355811 0.258222 0.999999 0.6652 0.28096600000000005 0.25353000000000003 0.30049600000000004 0.254602 0.999999 0.999999 0.999999 0.999999
3 WM278 BRAF 49.5 0.04761700000000001 0.033155000000000004 0.0 0.6710419999999999 0.3478829999999999 0.33348399999999995 0.3626569999999999 0.334263 0.11103500000000001 0.0 0.10916599999999999 0.0
3 WM278 PI3K 49.0 0.326472 0.0 0.9999999999999999 0.6745999999999999 0.0002 0.0 0.0008 0.0 0.9999999999999999 0.9999999999999999 0.9999999999999999 0.9999999999999999
3 WM278 p53 49.0 1.000003 0.739278 1.000003 0.0002 0.7803069999999999 0.7368210000000001 0.8149229999999998 0.732374 1.000003 1.000003 1.000003 1.000003
4 WM35 Zero 49.0 0.560528 0.323083 0.9999999999999999 0.5723999999999999 0.50105 0.323421 0.6822739999999999 0.322482 0.9999999999999999 0.9999999999999999 0.9999999999999999 0.9999999999999999
4 WM35 BRAF 49.5 0.18927200000000002 0.127229 0.0 0.583001 0.5439049999999999 0.41044600000000003 0.7033569999999999 0.410564 0.33765199999999995 0.0 0.178825 0.0
4 WM35 PI3K 49.0 0.5199799999999999 0.0 1.0000019999999998 0.584001 0.171818 0.0 0.39815300000000003 0.0 1.0000019999999998 1.0000019999999998 1.0000019999999998 1.0000019999999998
5 WT Zero 49.0 0.23280900000000004 0.13563100000000003 0.201817 0.49739999999999995 0.3636099999999999 0.36448100000000005 0.4135310000000001 0.31467700000000004 0.4592079999999999 0.15283700000000003 0.4457799999999999 0.1693980000000001
4 WM35 p53 49.0 0.9999989999999999 0.784489 0.9999989999999999 0.0 0.894886 0.7818839999999998 0.9577149999999999 0.781991 0.9999989999999999 0.9999989999999999 0.9999989999999999 0.9999989999999999
6 SNU-407 Zero 49.0 0.968844 0.9468709999999999 0.021675999999999997 0.5792220000000001 0.9789600000000002 1.0000000000000002 1.0000000000000002 0.969905 0.9817300000000002 0.024005999999999993 0.9903070000000002 0.023155999999999996
5 WT BRAF 49.0 0.22740299999999994 0.13250800000000001 0.0 0.501 0.37187499999999996 0.37111299999999986 0.416216 0.32364300000000007 0.42388300000000007 0.0 0.42870800000000003 0.0
6 SNU-407 BRAF 49.0 0.974905 0.952428 0.0 0.570664 0.980136 0.9999989999999999 0.9999989999999999 0.971121 0.986729 0.0 0.9927989999999999 0.0
6 SNU-407 PI3K 49.0 0.532894 0.0 0.9999990000000001 0.5657730000000001 0.0 0.0 0.0 0.0 0.9853820000000002 0.98412 0.9914370000000002 0.9908590000000002
5 WT PI3K 49.0 0.14516500000000002 0.0 0.36153900000000005 0.48919999999999997 0.0 0.0 0.0 0.0 0.5049629999999999 0.28602500000000003 0.47656000000000004 0.30865400000000004
6 SNU-407 p53 49.0 0.983964 0.9504210000000001 0.020799999999999996 0.16253200000000004 0.9792009999999999 1.000001 1.000001 0.969575 0.9845189999999999 0.023776999999999996 0.9912719999999999 0.022318999999999995
7 G-MEL Zero 49.0 0.9765990000000001 0.20243999999999998 0.9999989999999997 0.037852000000000004 0.6788269999999998 0.32323599999999997 0.6059619999999999 0.207251 0.9999989999999997 0.9999989999999997 0.9999989999999997 0.9999989999999997
5 WT p53 49.0 0.4632479999999998 0.26664299999999996 0.051317999999999996 0.0 0.719805 0.720569 0.8168789999999999 0.6365729999999999 0.4380379999999997 0.032878 0.43351099999999987 0.041800999999999984
7 G-MEL BRAF 49.5 0.019038000000000006 0.007017 0.0 0.038000000000000006 0.7049599999999998 0.39523500000000006 0.6418229999999999 0.255202 0.030914000000000004 0.0 0.010520999999999997 0.0
7 G-MEL PI3K 49.0 0.9726369999999999 0.0 0.9999989999999997 0.03644499999999999 0.5178619999999999 0.0 0.41483999999999993 0.0 0.9999989999999997 0.9999989999999997 0.9999989999999997 0.9999989999999997
7 G-MEL p53 49.0 0.9980000000000001 0.227161 1.0000000000000002 0.0 0.69524 0.348902 0.618869 0.23179799999999998 1.0000000000000002 1.0000000000000002 1.0000000000000002 1.0000000000000002
8 SNU-61 Zero 49.0 0.7191409999999998 0.33702099999999996 0.288628 0.0 0.5922919999999998 0.5979329999999999 0.7417709999999998 0.551117 0.7761009999999997 0.2799540000000001 0.7815929999999999 0.2845470000000001
8 SNU-61 BRAF 49.0 0.5356249999999999 0.3544399999999999 0.0 0.0 0.6277869999999999 0.6330819999999997 0.7841229999999998 0.58588 0.7434359999999999 0.0 0.7503539999999997 0.0
8 SNU-61 PI3K 49.0 0.8546969999999999 0.0 0.8576559999999998 0.0 0.0 0.0 0.134024 0.0 0.9583009999999998 0.8416529999999999 0.9612319999999996 0.8495139999999998
9 WM1552C Zero 49.0 0.9318220000000002 0.787884 1.0 0.0 0.968923 0.843216 0.9788080000000001 0.8443890000000001 1.0 1.0 1.0 1.0
8 SNU-61 p53 49.0 0.720745 0.3329809999999999 0.29666199999999987 0.0 0.5884349999999998 0.5956529999999998 0.7396389999999999 0.546662 0.7784149999999999 0.2861329999999999 0.7844829999999998 0.2912669999999999
9 WM1552C BRAF 49.0 0.32537000000000005 0.300978 0.0 0.0 0.998466 0.9855999999999998 0.998601 0.9822580000000001 0.33941000000000004 0.0 0.331707 0.0
9 WM1552C PI3K 49.0 0.929797 0.0 1.0000010000000001 0.0 0.53645 0.0 0.597987 0.0 1.0000010000000001 1.0000010000000001 1.0000010000000001 1.0000010000000001
9 WM1552C p53 49.0 0.9305679999999998 0.7851319999999999 0.9999999999999999 0.0 0.9657539999999999 0.8428189999999999 0.9754599999999999 0.8433999999999999 0.9999999999999999 0.9999999999999999 0.9999999999999999 0.9999999999999999
10 COLO-679 Zero 49.0 0.540048 0.365522 1.000001 0.4497630000000001 0.410638 0.36624500000000004 0.7648949999999997 0.36771700000000007 1.000001 1.000001 1.000001 1.000001
10 COLO-679 BRAF 49.0 0.06731500000000001 0.039431999999999995 0.0 0.4592159999999999 0.4028729999999998 0.356079 0.7630589999999995 0.3575019999999999 0.11366199999999997 0.0 0.074584 0.0
10 COLO-679 PI3K 49.0 0.399632 0.0 0.9999999999999998 0.44722700000000004 0.0006000000000000001 0.0 0.478761 0.0 0.9999999999999998 0.9999999999999998 0.9999999999999998 0.9999999999999998
10 COLO-679 p53 49.0 1.0000000000000002 0.6299420000000001 1.0000000000000002 0.0 0.659852 0.6385870000000001 0.8566590000000001 0.6345770000000001 1.0000000000000002 1.0000000000000002 1.0000000000000002 1.0000000000000002
11 LS-513 Zero 49.0 0.5408599999999998 0.23827999999999996 0.7197000000000001 0.45733999999999997 0.26260300000000014 0.304265 0.3084890000000001 0.24886000000000003 0.992202 0.7120669999999999 0.993231 0.7151770000000001
11 LS-513 BRAF 49.0 0.31391300000000005 0.25962700000000005 0.0 0.43678300000000003 0.282343 0.31865 0.321554 0.266913 0.9943280000000001 0.0 0.994858 0.0
11 LS-513 PI3K 49.0 0.5461059999999999 0.009434000000000001 0.983312 0.44253099999999995 0.0084 0.009085 0.012829 0.009371 0.9920199999999999 0.971024 0.9927199999999999 0.973987
12 COLO-800 Zero 49.0 0.9999999999999999 0.405836 0.9999999999999999 0.0 0.44350399999999995 0.42288299999999995 0.49699599999999994 0.410572 0.9999999999999999 0.9999999999999999 0.9999999999999999 0.9999999999999999
11 LS-513 p53 49.0 0.9684439999999999 0.462443 0.487622 0.0 0.49728300000000003 0.5464199999999999 0.5514619999999999 0.475689 0.992001 0.4864660000000001 0.9926010000000001 0.4867410000000001
12 COLO-800 BRAF 49.0 0.068703 0.043719 0.0 0.0 0.444842 0.424743 0.50705 0.411035 0.10332500000000003 0.0 0.08938300000000002 0.0
12 COLO-800 PI3K 49.0 1.0 0.0 1.0 0.0 0.004324 0.0 0.07213399999999999 0.0 1.0 1.0 1.0 1.0
12 COLO-800 p53 49.0 0.9999999999999999 0.414625 0.9999999999999999 0.0 0.449161 0.43202999999999997 0.507262 0.420332 0.9999999999999999 0.9999999999999999 0.9999999999999999 0.9999999999999999
13 LS-411N Zero 49.0 0.638078 0.24180200000000002 1.0000010000000001 0.442821 0.268472 0.29692899999999994 0.47572999999999993 0.24628500000000003 0.99002 0.9886900000000001 1.0000010000000001 1.0000010000000001
13 LS-411N BRAF 49.0 0.16804700000000003 0.09737199999999997 0.0 0.4512919999999999 0.373672 0.4533389999999999 0.6130579999999995 0.351424 0.25260200000000005 0.0 0.5870399999999997 0.0
13 LS-411N PI3K 49.0 0.608436 0.0 1.000001 0.435382 0.0 0.0 0.05261099999999999 0.0 0.991215 0.9909129999999999 1.000001 1.000001
13 LS-411N p53 49.0 0.990254 0.4186909999999999 0.9999990000000001 0.0 0.46331499999999987 0.514964 0.6437510000000001 0.42822199999999994 0.991431 0.9902629999999999 0.9999990000000001 0.9999990000000001
14 LB373-MEL-D Zero 49.0 0.7928789999999999 0.45653200000000005 0.2700219999999998 0.835312 0.7955099999999999 0.514827 0.8993419999999998 0.45244199999999996 1.000004 0.2639789999999999 1.000004 0.26623099999999983
14 LB373-MEL-D BRAF 49.0 0.776106 0.44073100000000004 0.0 0.8342290000000001 0.7843900000000001 0.5083190000000001 0.9013260000000002 0.433696 1.0000000000000002 0.0 1.0000000000000002 0.0
14 LB373-MEL-D PI3K 49.0 0.45255599999999996 0.014577 0.650688 0.827946 0.3784329999999999 0.015062 0.666022 0.01358 1.0000009999999997 0.634893 1.0000009999999997 0.642437
14 LB373-MEL-D p53 49.0 0.9815189999999998 0.642851 0.174388 0.038421 0.899676 0.7513070000000001 0.9515839999999998 0.644921 1.0000019999999998 0.17485799999999996 1.0000019999999998 0.17482099999999995
15 SNU-1040 Zero 49.5 0.880543 0.768486 0.03314 0.0 0.946305 1.000003 1.000003 0.940381 0.853128 0.03427099999999999 0.889163 0.034463999999999995
15 SNU-1040 BRAF 49.5 0.8833200000000001 0.77434 0.0 0.0 0.9525570000000001 1.0000000000000002 1.0000000000000002 0.947793 0.8469860000000002 0.0 0.8855180000000002 0.0
16 NCI-H508 Zero 49.0 0.8612659999999999 0.27777099999999993 0.9999989999999999 0.0 0.505546 0.9999989999999999 0.9999989999999999 0.3302699999999999 0.8674009999999999 0.8620319999999999 0.8828279999999998 0.8786759999999998
15 SNU-1040 PI3K 49.5 0.6169090000000003 0.0 0.6342490000000001 0.0 0.0 0.0 0.019024000000000003 0.0 0.8535710000000003 0.6150320000000001 0.8788830000000001 0.6259740000000001
16 NCI-H508 BRAF 49.0 0.016918 0.002007 0.0 0.0 0.5039120000000001 1.0000020000000003 1.0000020000000003 0.33237100000000014 0.014083 0.0 0.033358 0.0
16 NCI-H508 PI3K 49.0 0.855723 0.0 1.0 0.0 0.0 0.0 0.0 0.0 0.8695410000000001 0.8622960000000001 0.8857870000000001 0.880352
15 SNU-1040 p53 49.5 0.8720950000000001 0.7565839999999999 0.03465399999999998 0.0 0.9488540000000001 0.9999999999999999 0.9999999999999999 0.939666 0.8402310000000001 0.036932 0.8792520000000001 0.035919
16 NCI-H508 p53 49.0 0.8529749999999998 0.285605 1.0000039999999997 0.0 0.5215899999999999 1.0000039999999997 1.0000039999999997 0.34441799999999995 0.8583339999999998 0.8504849999999999 0.8771639999999998 0.8722039999999998
17 CP66-MEL Zero 49.0 0.402713 0.29471499999999995 0.6280739999999999 0.635797 0.366819 0.35550600000000004 0.7062860000000001 0.29899900000000007 0.9999979999999999 0.6205350000000001 0.9999979999999999 0.623848
17 CP66-MEL BRAF 49.0 0.3832150000000001 0.295945 0.0 0.6442180000000001 0.35840600000000006 0.3465640000000001 0.705836 0.3019420000000001 1.0 0.0 1.0 0.0
17 CP66-MEL PI3K 49.0 0.37379100000000004 0.0113 0.983614 0.632424 0.014245 0.010799999999999999 0.43918100000000004 0.011 0.9999990000000002 0.981524 0.9999990000000002 0.982603
17 CP66-MEL p53 49.0 0.987518 0.742502 0.09970600000000002 0.001548 0.89739 0.889078 0.96848 0.7537820000000001 1.0000010000000001 0.09382600000000002 1.0000010000000001 0.09685600000000003
18 CaR-1 Zero 49.0 0.7849049999999999 0.736721 0.004318 0.0 0.9879939999999998 0.9829589999999999 0.9972079999999999 0.97513 0.7675939999999999 0.002099 0.8322109999999998 0.002903
18 CaR-1 BRAF 49.0 0.781923 0.7334219999999999 0.0 0.0 0.9855979999999999 0.9807029999999999 0.9965959999999999 0.9713679999999999 0.7632049999999999 0.0 0.8279660000000001 0.0
18 CaR-1 PI3K 49.0 0.8194009999999999 0.0 0.88484 0.0 0.0 0.0 0.15377699999999997 0.0 0.8565789999999998 0.8137849999999999 0.9045719999999999 0.862482
19 LS1034 Zero 49.0 0.982059 0.23517800000000003 0.6422579999999999 0.0 0.342403 0.409066 0.4222289999999999 0.23883400000000002 0.9999969999999999 0.643049 0.9999969999999999 0.6437799999999999
18 CaR-1 p53 49.0 0.7987839999999999 0.745749 0.004957 0.0 0.988835 0.98275 0.9975989999999999 0.9746290000000001 0.779655 0.0038 0.8449499999999999 0.003714
19 LS1034 BRAF 49.0 0.43371000000000004 0.24050999999999997 0.0 0.0 0.34886500000000004 0.417282 0.432835 0.24357499999999999 0.9999979999999998 0.0 0.9999979999999998 0.0
19 LS1034 PI3K 49.0 0.976372 0.07964700000000001 0.885848 0.0 0.089258 0.093619 0.11476499999999999 0.077709 1.0 0.8741880000000001 1.0 0.880005
19 LS1034 p53 49.0 0.9816789999999997 0.233075 0.6429159999999998 0.0 0.33979400000000004 0.41666500000000006 0.43189000000000005 0.236481 0.9999979999999997 0.6408009999999998 0.9999979999999997 0.6414039999999999
20 MZ7-mel Zero 49.0 0.7517909999999999 0.2183 1.000003 0.6922010000000002 0.6920469999999999 0.269804 0.617508 0.216797 1.000003 1.000003 1.000003 1.000003
20 MZ7-mel BRAF 49.5 0.15267100000000003 0.07206799999999998 0.0 0.6905979999999998 0.7084879999999999 0.31368199999999996 0.616072 0.24844900000000003 0.2611720000000001 0.0 0.19871099999999997 0.0
20 MZ7-mel PI3K 49.0 0.63027 0.011383 1.000002 0.685202 0.430695 0.011801 0.414073 0.010587000000000001 1.000002 1.000002 1.000002 1.000002
20 MZ7-mel p53 49.0 0.9999999999999999 0.497783 0.9999999999999999 0.0 0.8831109999999999 0.6487029999999999 0.702935 0.49497199999999997 0.9999999999999999 0.9999999999999999 0.9999999999999999 0.9999999999999999
21 SW948 Zero 49.0 0.9962 0.71065 0.010624000000000001 0.41639999999999994 0.9932 1.0 1.0 0.719393 0.9996 0.01233 0.9998 0.011417
21 SW948 BRAF 49.0 0.9974 0.697972 0.0 0.40508099999999997 0.9931519999999998 0.9999999999999998 0.9999999999999998 0.708277 0.9991999999999999 0.0 0.9994429999999999 0.0
21 SW948 PI3K 49.0 0.6552799999999998 0.010809000000000001 0.9873799999999998 0.40080000000000005 0.012688000000000001 0.012646000000000001 0.174221 0.0104 1.0000009999999997 0.9852739999999999 1.0000009999999997 0.9867289999999999
21 SW948 p53 49.0 1.000001 0.7015170000000001 0.010354 0.0 0.9926010000000001 1.000001 1.000001 0.7119160000000001 1.000001 0.012793 1.000001 0.011631
22 MDST8 Zero 49.0 0.4766499999999999 0.202697 0.9999979999999998 0.540383 0.24653699999999998 0.224955 0.250307 0.20608999999999997 0.9999979999999998 0.9999979999999998 0.9999979999999998 0.9999979999999998
22 MDST8 BRAF 49.0 0.09972599999999998 0.055103 0.0 0.5396909999999999 0.41768900000000003 0.343262 0.425427 0.29894700000000013 0.17738300000000004 0.0 0.21731500000000004 0.0
22 MDST8 PI3K 49.0 0.463649 0.0 0.9999999999999999 0.5337649999999999 0.006 0.0 0.009137000000000001 0.0 0.9999999999999999 0.9999999999999999 0.9999999999999999 0.9999999999999999
23 MEL-HO Zero 49.0 0.788569 0.319317 0.9999990000000001 0.364523 0.580661 0.31770699999999996 0.915749 0.31868599999999997 0.9999990000000001 0.9999990000000001 0.9999990000000001 0.9999990000000001
22 MDST8 p53 49.0 0.9962 0.443953 1.0 0.0 0.4917829999999999 0.48419999999999996 0.4928369999999999 0.448082 1.0 1.0 1.0 1.0
23 MEL-HO BRAF 49.0 0.083863 0.050183000000000005 0.0 0.36240399999999995 0.5925400000000001 0.33079099999999995 0.9177390000000001 0.3317319999999999 0.09300299999999997 0.0 0.137679 0.0
23 MEL-HO PI3K 49.0 0.7400840000000001 0.0 1.0 0.36233699999999996 0.308033 0.0 0.8327720000000001 0.0 1.0 1.0 1.0 1.0
23 MEL-HO p53 49.0 1.0 0.496 1.0 0.0 0.6660200000000001 0.496 0.931327 0.496 1.0 1.0 1.0 1.0
24 GAK Zero 49.0 0.5689210000000001 0.19023600000000002 0.20819899999999994 0.494567 0.7907249999999999 0.300587 0.6145699999999998 0.23390300000000003 0.871833 0.184422 0.881873 0.19346799999999997
24 GAK BRAF 49.0 0.5140359999999998 0.18536400000000003 0.0 0.49238 0.7905749999999998 0.299228 0.6037599999999999 0.22515900000000008 0.8589519999999999 0.0 0.8672769999999999 0.0
24 GAK PI3K 49.0 0.5511679999999999 0.0 0.448355 0.4704530000000002 0.5493519999999998 0.0 0.4066839999999999 0.0 0.9009860000000001 0.4175040000000001 0.910779 0.42665000000000003
25 UACC-257 Zero 49.0 0.621117 0.20809100000000003 1.000002 0.42761000000000005 0.3088099999999999 0.22111399999999998 0.410433 0.209479 1.000002 0.999978 1.000002 1.000002
24 GAK p53 49.0 0.6657550000000001 0.34376999999999996 0.12508 0.0 0.8732449999999999 0.5598090000000001 0.6632309999999999 0.42356 0.865558 0.11331300000000001 0.8765320000000001 0.117289
25 UACC-257 BRAF 49.0 0.03698900000000001 0.018626999999999998 0.0 0.4197309999999998 0.30124900000000004 0.21772299999999997 0.408271 0.208428 0.08886799999999999 0.0 0.165157 0.0
25 UACC-257 PI3K 49.0 0.5825899999999998 0.0 0.9999999999999999 0.43730900000000006 0.070777 0.0 0.18025200000000002 0.0 0.9999999999999999 0.9999999999999999 0.9999999999999999 0.9999999999999999
25 UACC-257 p53 49.0 1.0000019999999998 0.334464 1.0000019999999998 0.0 0.424168 0.359257 0.498664 0.34160799999999997 1.0000019999999998 1.0000019999999998 1.0000019999999998 1.0000019999999998
26 A101D Zero 49.0 0.6325619999999997 0.464497 1.0000009999999997 0.35386599999999996 0.5020789999999999 0.4786859999999999 0.8249219999999997 0.465809 1.0000009999999997 1.0000009999999997 1.0000009999999997 1.0000009999999997
26 A101D BRAF 49.0 0.191883 0.12746300000000002 0.0 0.36871699999999996 0.48680000000000007 0.45778899999999995 0.8157400000000004 0.442094 0.29544999999999993 0.0 0.4653420000000001 0.0
26 A101D PI3K 49.0 0.496 0.0 1.0 0.371621 0.0 0.0 0.490023 0.0 1.0 1.0 1.0 1.0
26 A101D p53 49.0 0.999999 0.689072 0.999999 0.0 0.7242059999999999 0.712547 0.888019 0.690665 0.999999 0.999999 0.999999 0.999999
27 SW1116 Zero 49.0 0.5816569999999999 0.360409 0.2930440000000002 0.5423359999999999 0.7474150000000002 0.7680930000000002 0.8191209999999999 0.518716 0.7914419999999996 0.28112899999999996 0.7973999999999997 0.2841650000000001
27 SW1116 BRAF 49.0 0.5450740000000001 0.357446 0.0 0.5418409999999999 0.753636 0.7745479999999999 0.827197 0.527629 0.7029919999999998 0.0 0.7115429999999998 0.0
27 SW1116 PI3K 49.0 0.551934 0.175975 0.6579679999999999 0.5457159999999999 0.36020399999999997 0.365378 0.4658729999999998 0.25265599999999994 0.8842060000000003 0.6334109999999998 0.8873510000000001 0.6385099999999998
28 RPMI-7951 Zero 49.0 0.7830630000000004 0.37933100000000003 1.0000000000000002 0.131448 0.4201350000000001 0.41298000000000007 0.4081540000000001 0.38123100000000004 1.0000000000000002 1.0000000000000002 1.0000000000000002 1.0000000000000002
27 SW1116 p53 49.0 0.7398029999999999 0.4721699999999999 0.08911500000000001 0.002 0.9582419999999999 0.9780059999999998 0.9861919999999998 0.666998 0.7447799999999998 0.09973200000000002 0.7470689999999998 0.09543000000000001
28 RPMI-7951 BRAF 49.0 0.2695999999999999 0.205057 0.0 0.12920800000000002 0.5520520000000001 0.5400600000000003 0.529797 0.477031 0.443736 0.0 0.5532739999999999 0.0
28 RPMI-7951 PI3K 49.0 0.635554 0.0 0.9999999999999999 0.126535 0.0 0.0 0.0 0.0 0.9999999999999999 0.9999999999999999 0.9999999999999999 0.9999999999999999
29 COLO-320-HSR Zero 49.0 0.651246 0.49423899999999993 0.0036689999999999995 0.0 0.8584080000000002 0.8467340000000001 0.8699780000000001 0.675 0.6421600000000002 0.0032749999999999997 0.6426330000000002 0.003385
28 RPMI-7951 p53 49.0 1.0000000000000002 0.42370399999999997 1.0000000000000002 0.0 0.45872299999999994 0.454699 0.446685 0.42767 1.0000000000000002 1.0000000000000002 1.0000000000000002 1.0000000000000002
29 COLO-320-HSR BRAF 49.0 0.644342 0.4919430000000001 0.0 0.0 0.8539319999999999 0.8437379999999999 0.8668829999999998 0.6696129999999999 0.6387579999999999 0.0 0.6422319999999999 0.0
29 COLO-320-HSR PI3K 49.0 0.6636600000000001 0.0 0.676536 0.0 0.0 0.0 0.0 0.0 0.6726660000000002 0.6586760000000002 0.6670400000000001 0.6568130000000001
29 COLO-320-HSR p53 49.0 0.6501049999999998 0.4874939999999999 0.0036 0.0 0.855995 0.847514 0.8682529999999998 0.6634659999999999 0.6383819999999999 0.004322 0.640024 0.0033030000000000004
30 LoVo Zero 49.0 0.5471980000000002 0.23306600000000002 0.7520460000000001 0.45259999999999995 0.24918600000000005 0.2741869999999999 0.3570599999999999 0.23575200000000004 0.9995980000000002 0.754609 0.9999980000000002 0.7535149999999999
30 LoVo BRAF 49.0 0.33170599999999995 0.229775 0.0 0.449534 0.248714 0.273968 0.3521929999999999 0.232599 0.999799 0.0 0.999999 0.0
30 LoVo PI3K 49.0 0.5266 0.0 1.0 0.473 0.0 0.0 0.050422 0.0 0.9990829999999999 0.9989999999999999 1.0 1.0
31 C32 Zero 49.0 0.8437089999999999 0.428678 1.000001 0.15813 0.681395 0.42870500000000006 0.9188639999999999 0.43047500000000005 1.000001 1.000001 1.000001 1.000001
30 LoVo p53 49.0 0.9994879999999999 0.44637699999999997 0.525006 0.0 0.47829 0.5221579999999999 0.6093319999999999 0.452113 0.9997989999999999 0.529092 0.9999989999999999 0.526539
31 C32 BRAF 49.0 0.22576900000000005 0.15869600000000003 0.0 0.164843 0.6869990000000001 0.42345 0.9251460000000001 0.425596 0.23765400000000003 0.0 0.2645439999999999 0.0
31 C32 PI3K 49.0 0.734728 0.0 1.0 0.18096900000000002 0.40437300000000004 0.0 0.854622 0.0 1.0 1.0 1.0 1.0
31 C32 p53 49.0 0.9947509999999999 0.503223 0.999999 0.0 0.70451 0.5065999999999999 0.92963 0.5064 0.999999 0.999999 0.999999 0.999999
32 A2058 Zero 49.0 1.0 0.28815199999999996 1.0 0.0 0.41282399999999997 0.4075329999999999 0.4292229999999999 0.29527 1.0 1.0 1.0 1.0
32 A2058 BRAF 49.0 0.43760699999999997 0.30967999999999996 0.0 0.0 0.42449 0.41929399999999994 0.440235 0.316665 0.999999 0.0 0.999999 0.0
32 A2058 PI3K 49.0 1.0 0.0 1.0 0.0 0.007035 0.0 0.030645000000000002 0.0 1.0 1.0 1.0 1.0
32 A2058 p53 49.0 1.0000010000000001 0.292108 1.0000010000000001 0.0 0.41233399999999987 0.4068839999999999 0.4273989999999999 0.30018799999999995 1.0000010000000001 1.0000010000000001 1.0000010000000001 1.0000010000000001
33 C2BBe1 Zero 49.5 0.853614 0.5621579999999996 0.3833459999999998 0.1939530000000001 0.6440599999999999 0.8811599999999998 0.9659859999999996 0.6157899999999998 0.9298089999999994 0.3789869999999999 0.8638189999999994 0.3752079999999999
33 C2BBe1 BRAF 49.5 0.8479279999999999 0.568306 0.0 0.18815 0.645253 0.884687 0.9621219999999998 0.6219770000000001 0.927699 0.0 0.857385 0.0
33 C2BBe1 PI3K 49.0 0.7466019999999997 0.17567000000000002 0.6019079999999996 0.176972 0.192367 0.2509519999999999 0.5889079999999997 0.18953700000000004 0.9338669999999996 0.5767359999999997 0.8643699999999994 0.5778059999999999
34 HCC2998 Zero 49.0 0.9389130000000001 0.8871680000000001 0.23582999999999998 0.0 0.878071 0.880788 1.0 0.8847590000000002 1.0 0.24142799999999998 1.0 0.239082
33 C2BBe1 p53 49.5 0.938531 0.613631 0.34323299999999984 0.0 0.704003 0.955809 0.990099 0.670259 0.932751 0.34936800000000007 0.8619389999999999 0.343029
34 HCC2998 BRAF 49.0 0.9351530000000001 0.8852340000000002 0.0 0.0 0.8787780000000001 0.882482 0.9999990000000002 0.8856800000000001 0.9999990000000002 0.0 0.9999990000000002 0.0
34 HCC2998 PI3K 49.0 0.6541969999999999 0.38812 0.6759330000000001 0.0 0.370692 0.372399 0.999999 0.380486 0.999999 0.665271 0.999999 0.6713100000000001
34 HCC2998 p53 49.0 1.0 0.890228 0.24560400000000002 0.0 0.875528 0.8808450000000001 1.0 0.885822 1.0 0.253435 1.0 0.247989
35 MEL-JUSO Zero 49.0 0.5987839999999999 0.272089 0.594729 0.3302 0.282746 0.28228900000000007 0.28966800000000004 0.274967 0.9999979999999996 0.5898589999999999 0.9999979999999996 0.591559
35 MEL-JUSO BRAF 49.0 0.28648200000000007 0.273612 0.0 0.3284 0.282905 0.281835 0.2927570000000001 0.276999 0.9999989999999999 0.0 0.9999989999999999 0.0
35 MEL-JUSO PI3K 49.0 0.5284370000000002 0.0 0.820984 0.33459999999999995 0.0014 0.0 0.012542 0.0 1.000001 0.8074620000000001 1.000001 0.813748
35 MEL-JUSO p53 49.0 0.891539 0.40693199999999996 0.48151299999999997 0.0 0.421313 0.420927 0.427112 0.412595 0.9999989999999999 0.478328 0.9999989999999999 0.47882199999999997
36 CL-11 Zero 49.0 0.5546829999999999 0.251029 0.711073 0.49759999999999993 0.30225299999999994 0.252648 0.6795549999999999 0.25165499999999996 1.0000000000000002 0.7079489999999999 1.0000000000000002 0.709044
36 CL-11 BRAF 49.0 0.44222999999999996 0.245502 0.0 0.489601 0.2954929999999999 0.247554 0.661987 0.24640399999999998 1.000001 0.0 1.000001 0.0
36 CL-11 PI3K 49.0 0.561552 0.0 0.9542559999999999 0.4731999999999999 0.045582000000000004 0.0 0.5222659999999999 0.0 1.000001 0.949054 1.000001 0.951264
36 CL-11 p53 49.0 0.9996010000000002 0.495181 0.495686 0.0 0.5250540000000001 0.498972 0.772066 0.49661500000000003 1.0000010000000001 0.4938800000000001 1.0000010000000001 0.49402300000000005
37 SNU-81 Zero 49.0 0.87562 0.6083059999999999 0.27953799999999995 0.0 0.687675 0.686779 0.9497199999999999 0.6045629999999999 0.9999999999999998 0.267107 0.9999999999999998 0.27332799999999996
37 SNU-81 BRAF 49.0 0.85025 0.6095409999999999 0.0 0.0 0.694194 0.6925870000000001 0.947255 0.6098619999999999 0.9999989999999999 0.0 0.9999989999999999 0.0
37 SNU-81 PI3K 49.0 0.703721 0.22738899999999998 0.710754 0.0 0.247026 0.244475 0.822379 0.22175899999999998 0.999998 0.6925939999999999 0.999998 0.7019049999999999
37 SNU-81 p53 49.0 0.9990009999999999 0.609634 0.2669979999999999 0.0 0.703161 0.701644 0.947608 0.608374 1.000001 0.256565 1.000001 0.26172199999999995
38 RVH-421 Zero 49.0 0.6525749999999999 0.38418100000000005 1.000001 0.5727999999999998 0.6327629999999999 0.384318 0.65021 0.38249800000000006 1.000001 1.000001 1.000001 1.000001
38 RVH-421 BRAF 49.5 0.15680499999999997 0.088463 0.0 0.5796020000000002 0.6267719999999999 0.42216499999999985 0.645198 0.41977099999999984 0.23283099999999998 0.0 0.159063 0.0
38 RVH-421 PI3K 49.0 0.5714020000000001 0.0 0.999999 0.579599 0.251309 0.0 0.271463 0.0 0.999999 0.999999 0.999999 0.999999
38 RVH-421 p53 49.0 0.9991439999999999 0.8873619999999999 1.0 0.0 0.963159 0.88682 0.9611369999999999 0.8824799999999999 1.0 1.0 1.0 1.0
39 SK-MEL-2 Zero 49.0 0.9933679999999999 0.95952 0.024655000000000003 0.0 0.985915 0.9655849999999999 0.9839879999999999 0.9592029999999999 0.9999999999999998 0.026492 0.9999999999999998 0.024967000000000003
39 SK-MEL-2 BRAF 49.0 0.9865260000000001 0.963658 0.0 0.0 0.9870400000000001 0.968234 0.9863150000000002 0.962352 1.0000020000000003 0.0 1.0000020000000003 0.0
39 SK-MEL-2 PI3K 49.0 0.997777 0.0 0.920893 0.0 0.079157 0.0 0.11051 0.0 0.9998 0.913348 1.0 0.917758
39 SK-MEL-2 p53 49.0 0.9942019999999999 0.961882 0.028453000000000003 0.0 0.982964 0.966837 0.983611 0.96109 0.9999999999999999 0.027368 0.9999999999999999 0.027972000000000004
40 HCT-15 Zero 49.0 1.0000010000000001 0.992927 0.0 0.0 1.0000010000000001 1.0000010000000001 1.0000010000000001 0.994054 1.0000010000000001 0.0 1.0000010000000001 0.0
40 HCT-15 BRAF 49.0 0.999999 0.993479 0.0 0.0 0.999999 0.999999 0.999999 0.995127 0.999999 0.0 0.999999 0.0
40 HCT-15 PI3K 49.0 0.9984009999999999 0.269811 0.7362799999999998 0.0 0.256119 0.253942 0.44358 0.26089500000000004 1.000001 0.7187629999999999 1.000001 0.7276269999999999
40 HCT-15 p53 49.0 1.0 0.995875 0.0 0.0 1.0 1.0 1.0 0.9964 1.0 0.0 1.0 0.0
41 HMV-II Zero 49.0 0.9000780000000003 0.37903600000000004 1.0000000000000002 0.26794500000000004 0.8790670000000002 0.7069360000000001 0.8465330000000001 0.37603400000000003 1.0000000000000002 1.0000000000000002 1.0000000000000002 1.0000000000000002
41 HMV-II BRAF 49.0 0.821259 0.38641800000000004 0.0 0.25592300000000007 0.8785449999999999 0.7094779999999999 0.851047 0.383328 0.999999 0.0 0.999999 0.0
41 HMV-II PI3K 49.0 0.812808 0.009956999999999999 1.0000000000000002 0.275835 0.36550099999999985 0.014 0.42587099999999983 0.009197 1.0000000000000002 1.0000000000000002 1.0000000000000002 1.0000000000000002
41 HMV-II p53 49.0 1.0 0.49101599999999995 1.0 0.0 0.9707510000000001 0.9042730000000001 0.9514230000000001 0.489802 1.0 1.0 1.0 1.0
42 SNU-C1 Zero 49.0 0.767055 0.627245 0.27703099999999997 0.5038529999999999 0.6871579999999998 0.7625289999999998 0.8140659999999998 0.630294 0.9999979999999999 0.29741899999999993 0.9999979999999999 0.285614
42 SNU-C1 BRAF 49.0 0.74625 0.613169 0.0 0.5050929999999999 0.6774589999999997 0.7523949999999999 0.8032529999999999 0.6136289999999999 1.0 0.0 1.0 0.0
42 SNU-C1 PI3K 49.0 0.5743430000000003 0.404696 0.29511800000000005 0.5235560000000001 0.44425599999999993 0.491913 0.5395880000000001 0.40587000000000006 1.0000010000000001 0.3133209999999999 1.0000010000000001 0.303769
42 SNU-C1 p53 49.0 0.9350459999999997 0.7261089999999998 0.26912200000000003 0.0 0.799958 0.881093 0.9053479999999997 0.7289380000000001 0.9999989999999997 0.287263 0.9999989999999997 0.280608
43 COLO-829 Zero 49.0 0.6820949999999999 0.527146 0.9999999999999998 0.29767 0.6042339999999998 0.5394969999999999 0.61827 0.535292 0.9999999999999998 0.9999999999999998 0.9999999999999998 0.9999999999999998
43 COLO-829 BRAF 49.0 0.021047999999999997 0.010068 0.0 0.31646999999999986 0.6087819999999998 0.5485769999999999 0.6165219999999997 0.5368689999999997 0.024564999999999993 0.0 0.019183 0.0
43 COLO-829 PI3K 49.0 0.35785100000000003 0.0 0.9999999999999999 0.30618700000000004 0.0016 0.0 0.002172 0.0 0.9999999999999999 0.9999999999999999 0.9999999999999999 0.9999999999999999
43 COLO-829 p53 49.0 0.9709409999999999 0.686355 1.000001 0.0 0.7560009999999998 0.71816 0.7535659999999998 0.707278 1.000001 1.000001 1.000001 1.000001
44 IST-MEL1 Zero 49.0 1.000001 0.8442860000000001 1.000001 0.0 0.917313 0.836708 0.964304 0.8414630000000001 1.000001 1.000001 1.000001 1.000001
44 IST-MEL1 BRAF 49.5 0.7093330000000001 0.646649 0.0 0.0 0.9942430000000002 0.9790530000000003 0.9985400000000001 0.977836 0.6965250000000002 0.0 0.6736830000000001 0.0
44 IST-MEL1 PI3K 49.0 1.0 0.0 1.0 0.0 0.133405 0.0 0.328186 0.0 1.0 1.0 1.0 1.0
44 IST-MEL1 p53 49.0 1.0 0.8506469999999999 1.0 0.0 0.917683 0.843658 0.965644 0.847378 1.0 1.0 1.0 1.0
45 Mewo Zero 49.0 0.5369379999999997 0.222153 0.05825299999999999 0.3715969999999999 0.6718209999999996 0.30431 0.8226509999999997 0.2834729999999999 0.6138569999999998 0.055326000000000014 0.6260669999999999 0.057406
45 Mewo BRAF 49.0 0.5162490000000002 0.227137 0.0 0.374685 0.680679 0.3082319999999999 0.8188580000000002 0.28555099999999994 0.6085230000000001 0.0 0.6137630000000001 0.0
45 Mewo PI3K 49.0 0.475557 0.0 0.11028600000000001 0.357 0.496652 0.0 0.7242330000000001 0.0 0.6078930000000001 0.10567399999999999 0.6149330000000001 0.10979499999999999
45 Mewo p53 49.0 0.5953550000000001 0.35057699999999997 0.028213 0.0 0.764523 0.4910919999999999 0.8736999999999999 0.45102600000000004 0.6174369999999999 0.027102 0.6252489999999999 0.026978999999999996
46 LB2518-MEL Zero 49.0 0.7017539999999999 0.3223 0.274574 0.84833 0.7306149999999998 0.6514909999999999 0.693394 0.326334 1.0 0.26077299999999987 1.0 0.26697
46 LB2518-MEL BRAF 49.0 0.6944029999999998 0.30791500000000005 0.0 0.8497609999999998 0.7307439999999998 0.650667 0.6965379999999998 0.307975 1.0000019999999998 0.0 1.0000019999999998 0.0
46 LB2518-MEL PI3K 49.0 0.30365800000000004 0.064837 0.7937529999999997 0.8498319999999997 0.20650800000000002 0.12345900000000001 0.174884 0.06396299999999999 1.0000009999999995 0.7771159999999999 1.0000009999999995 0.7868509999999997
46 LB2518-MEL p53 49.0 0.9871810000000001 0.45356200000000013 0.05131299999999999 0.07713899999999999 0.965878 0.9553050000000001 0.950916 0.46035699999999996 0.9998030000000001 0.052577 0.9998030000000001 0.051712
47 HT-144 Zero 49.0 0.6567500000000002 0.44364699999999996 1.0000010000000001 0.4194 0.599276 0.492733 0.6014980000000001 0.44582099999999997 1.0000010000000001 1.0000010000000001 1.0000010000000001 1.0000010000000001
47 HT-144 BRAF 49.0 0.40698 0.30079999999999996 0.0 0.418599 0.602172 0.5019710000000001 0.6033479999999999 0.450167 0.659387 0.0 0.665883 0.0
47 HT-144 PI3K 49.0 0.6439549999999999 0.0 0.999998 0.400399 0.09958399999999999 0.0 0.10362099999999999 0.0 0.999998 0.999998 0.999998 0.999998
47 HT-144 p53 49.0 0.9999999999999999 0.7636609999999999 0.9999999999999999 0.0 0.912481 0.845121 0.9106859999999999 0.763948 0.9999999999999999 0.9999999999999999 0.9999999999999999 0.9999999999999999
48 SK-MEL-1 Zero 49.0 0.5918119999999999 0.32241300000000006 1.0000010000000001 0.444968 0.324056 0.318509 0.832034 0.32176699999999997 1.0000010000000001 1.0000010000000001 1.0000010000000001 1.0000010000000001
48 SK-MEL-1 BRAF 49.0 0.16499400000000003 0.128556 0.0 0.43965699999999996 0.361674 0.3549150000000001 0.8577790000000002 0.35471500000000006 0.25339 0.0 0.231851 0.0
48 SK-MEL-1 PI3K 49.0 0.5741349999999998 0.015219999999999997 1.000001 0.43090999999999996 0.013682999999999999 0.012199999999999999 0.6873939999999998 0.013150999999999998 1.000001 1.000001 1.000001 1.000001
48 SK-MEL-1 p53 49.0 0.9944169999999998 0.5161999999999999 1.0000009999999997 0.0 0.5174389999999999 0.5159809999999999 0.8629499999999998 0.5167359999999999 1.0000009999999997 1.0000009999999997 1.0000009999999997 1.0000009999999997
49 HT-115 Zero 49.0 0.8348799999999998 0.783473 0.030633999999999995 0.3493859999999998 0.9827899999999999 1.000001 1.000001 0.974899 0.8228609999999998 0.03534799999999999 0.8234 0.03346099999999999
49 HT-115 BRAF 49.0 0.8263830000000003 0.7730690000000001 0.0 0.33743899999999993 0.9821620000000002 1.0000000000000002 1.0000000000000002 0.9720910000000004 0.8123370000000002 0.0 0.8155220000000001 0.0
49 HT-115 PI3K 49.0 0.5534589999999996 0.3620949999999999 0.2153020000000001 0.3376169999999999 0.4383759999999999 0.44681099999999985 0.6085409999999992 0.44537000000000004 0.8241109999999994 0.17467500000000008 0.8247359999999997 0.182652
50 SW837 Zero 49.0 0.5804180000000003 0.45365199999999994 0.08032200000000002 0.0 0.9871020000000004 0.9609030000000002 0.9902630000000002 0.8094430000000002 0.5808520000000001 0.08559400000000002 0.5119660000000001 0.08246900000000001
50 SW837 BRAF 49.0 0.46200199999999997 0.365752 0.0 0.0004 0.9937289999999999 0.9729569999999998 0.9956189999999998 0.8141019999999999 0.468494 0.0 0.45160100000000014 0.0
49 HT-115 p53 49.0 0.8277780000000001 0.7740930000000001 0.030885000000000003 0.0 0.9832080000000002 1.0000000000000002 1.0000000000000002 0.9765980000000002 0.8129450000000001 0.034293000000000004 0.8101240000000002 0.031712000000000004
50 SW837 PI3K 49.0 0.7218040000000001 0.058739999999999994 0.5811689999999999 0.0002 0.44982699999999975 0.11748399999999999 0.6015739999999999 0.10352000000000001 0.761038 0.5125899999999999 0.723947 0.521204
50 SW837 p53 49.0 0.5819929999999998 0.45131499999999997 0.08947799999999999 0.0002 0.9885789999999997 0.964289 0.9913109999999999 0.8051360000000001 0.5794709999999996 0.095136 0.5116519999999999 0.09035599999999999
51 SK-MEL-24 Zero 49.0 0.8730330000000001 0.7111630000000001 0.9999980000000002 0.119978 0.746471 0.709225 0.8223100000000001 0.7099670000000001 0.9999980000000002 0.9999980000000002 0.9999980000000002 0.9999980000000002
51 SK-MEL-24 BRAF 49.0 0.05507199999999998 0.04323399999999999 0.0 0.11333800000000001 0.7703529999999998 0.7321480000000001 0.8369669999999998 0.730124 0.05929499999999999 0.0 0.06838 0.0
51 SK-MEL-24 PI3K 49.0 0.7028 0.0 0.9999990000000001 0.127452 0.001366 0.0 0.057553999999999994 0.0 0.9999990000000001 0.9999990000000001 0.9999990000000001 0.9999990000000001
52 IGR-37 Zero 49.0 0.9155359999999999 0.38745300000000005 1.000001 0.248232 0.43563300000000005 0.38273999999999997 0.834417 0.38509400000000005 1.000001 1.000001 1.000001 1.000001
51 SK-MEL-24 p53 49.0 1.0000010000000001 0.815293 1.0000010000000001 0.0 0.840519 0.814054 0.89256 0.812625 1.0000010000000001 1.0000010000000001 1.0000010000000001 1.0000010000000001
52 IGR-37 BRAF 49.0 0.5254260000000004 0.31828300000000004 0.0 0.23692799999999997 0.4267 0.3783040000000001 0.8359740000000001 0.381846 0.6109510000000002 0.0 0.5381170000000001 0.0
52 IGR-37 PI3K 49.0 0.888749 0.0 1.0 0.225103 0.030501 0.0 0.684277 0.0 1.0 1.0 1.0 1.0
52 IGR-37 p53 49.0 1.0 0.5132 1.0 0.0 0.525243 0.513441 0.8499650000000001 0.5132 1.0 1.0 1.0 1.0
53 SNU-175 Zero 49.0 0.5579989999999995 0.34021500000000005 0.6252059999999998 0.5793639999999998 0.40946900000000014 0.41683500000000007 0.575035 0.388728 0.8845019999999996 0.6053099999999996 0.8714239999999998 0.6090499999999999
53 SNU-175 BRAF 49.0 0.4479599999999999 0.344089 0.0 0.565488 0.43099400000000004 0.4380549999999999 0.5761550000000001 0.40764799999999995 0.829568 0.0 0.8178429999999999 0.0
53 SNU-175 PI3K 49.0 0.535959 0.09806300000000004 0.7403069999999999 0.5697730000000002 0.11028900000000001 0.108888 0.3217999999999999 0.11338200000000004 0.8786940000000001 0.7136389999999998 0.8667009999999999 0.7177389999999999
54 COLO-678 Zero 49.0 0.5850509999999998 0.4166570000000001 0.5877919999999999 0.49763000000000013 0.411616 0.410447 0.9121599999999999 0.41795300000000013 0.9913999999999997 0.5639689999999999 0.9999999999999998 0.57903
53 SNU-175 p53 49.0 0.8669459999999999 0.5580020000000001 0.46634400000000015 0.20753599999999997 0.6862460000000001 0.693809 0.8001959999999997 0.6456289999999999 0.8711779999999998 0.47162400000000015 0.8581159999999995 0.467487
54 COLO-678 BRAF 49.0 0.5577920000000002 0.41869399999999996 0.0 0.5171620000000001 0.416492 0.41612299999999997 0.9123880000000001 0.424189 0.9926590000000001 0.0 1.0000030000000002 0.0
54 COLO-678 PI3K 49.0 0.49031500000000006 0.0 0.9999999999999999 0.502876 0.0 0.0 0.62161 0.0 0.9949999999999999 0.9938560000000001 0.9999999999999999 0.9999999999999999
55 SK-MEL-31 Zero 49.0 0.8935660000000001 0.7172729999999999 0.9999990000000001 0.074263 0.744826 0.733992 0.9047160000000001 0.729544 0.9999990000000001 0.9999990000000001 0.9999990000000001 0.9999990000000001
54 COLO-678 p53 49.0 0.9872589999999999 0.67889 0.32423799999999997 0.0 0.67691 0.6766159999999999 0.9640999999999998 0.6838249999999999 0.9934 0.30859699999999995 0.9999999999999999 0.317858
55 SK-MEL-31 BRAF 49.0 0.134886 0.091022 0.0 0.079069 0.740641 0.7303480000000001 0.9094920000000001 0.726794 0.13302600000000006 0.0 0.1798420000000001 0.0
55 SK-MEL-31 PI3K 49.0 0.800165 0.0 0.9999990000000001 0.072903 0.0 0.0 0.42444099999999996 0.0 0.9999990000000001 0.9999990000000001 0.9999990000000001 0.9999990000000001
55 SK-MEL-31 p53 49.0 0.9846989999999998 0.7754449999999999 0.9999999999999998 0.0 0.8000119999999998 0.7917169999999999 0.9272249999999999 0.7874499999999999 0.9999999999999998 0.9999999999999998 0.9999999999999998 0.9999999999999998
56 LS-180 Zero 49.0 0.9859930000000002 0.533003 0.020169 0.619598 0.9815370000000001 1.0 1.0 0.548151 1.0 0.022815000000000005 1.0 0.021165000000000003
56 LS-180 BRAF 49.0 0.988534 0.546019 0.0 0.616748 0.983601 1.000001 1.000001 0.56182 1.000001 0.0 1.000001 0.0
56 LS-180 PI3K 49.0 0.7064939999999997 0.20370000000000005 0.631581 0.6305089999999999 0.36101199999999994 0.3685439999999999 0.41734399999999994 0.205079 0.9999989999999999 0.6121359999999999 0.9999989999999999 0.6226389999999999
56 LS-180 p53 49.0 1.0 0.532219 0.014837000000000001 0.21305000000000004 0.986309 1.0 1.0 0.546592 1.0 0.018185999999999997 1.0 0.016530999999999997
57 SW1417 Zero 49.0 0.645832 0.38709399999999994 1.0 0.39425599999999994 0.3796169999999999 0.38202499999999995 0.5158749999999999 0.38293299999999986 1.0 1.0 1.0 1.0
57 SW1417 BRAF 49.0 0.41825199999999985 0.2995559999999999 0.0 0.3902720000000001 0.45278899999999994 0.5011089999999999 0.6585979999999997 0.46102400000000004 0.6519789999999998 0.0 0.7503329999999999 0.0
57 SW1417 PI3K 49.0 0.626488 0.0 1.0000000000000002 0.38904700000000003 0.0 0.0 0.024141 0.0 1.0000000000000002 1.0000000000000002 1.0000000000000002 1.0000000000000002
58 SNU-C2B Zero 49.0 0.9999999999999999 0.8458919999999999 0.24083000000000004 0.18996799999999997 0.8602679999999999 0.8644149999999998 0.9044649999999999 0.844225 0.9999999999999999 0.245478 0.9999999999999999 0.24327400000000002
57 SW1417 p53 49.0 0.9999989999999999 0.60754 0.9999989999999999 0.0 0.602722 0.6053369999999999 0.6976249999999999 0.603631 0.9999989999999999 0.9999989999999999 0.9999989999999999 0.9999989999999999
58 SNU-C2B BRAF 49.0 0.9004330000000001 0.8394180000000002 0.0 0.197117 0.8524780000000001 0.8578150000000001 0.8986170000000002 0.8381300000000002 0.9999980000000002 0.0 0.9999980000000002 0.0
58 SNU-C2B PI3K 49.0 0.9993249999999999 0.38757300000000006 0.6618760000000001 0.18093599999999999 0.37313199999999996 0.36999499999999996 0.46918300000000007 0.379184 0.9999979999999999 0.649876 0.9999979999999999 0.6544070000000001
58 SNU-C2B p53 49.0 0.9999989999999996 0.8427049999999999 0.24152900000000005 0.18715700000000005 0.8586129999999997 0.8610429999999998 0.9013429999999998 0.8424099999999999 0.9999989999999996 0.24740700000000007 0.9999989999999996 0.24400200000000002
59 HT-29 Zero 49.0 1.0000000000000002 0.9166890000000001 1.0000000000000002 0.012199999999999999 0.9502890000000002 1.0000000000000002 1.0000000000000002 0.9209450000000001 1.0000000000000002 1.0000000000000002 1.0000000000000002 1.0000000000000002
59 HT-29 BRAF 49.0 0.19833 0.16205699999999998 0.0 0.012469000000000001 0.9506380000000001 1.0 1.0 0.919525 0.18985899999999997 0.0 0.19689299999999998 0.0
59 HT-29 PI3K 49.0 1.0000010000000001 0.25881699999999996 1.0000010000000001 0.011879 0.252338 0.264122 0.34111900000000006 0.251337 1.0000010000000001 1.0000010000000001 1.0000010000000001 1.0000010000000001
59 HT-29 p53 49.0 0.999999 0.913153 0.999999 0.012947 0.951271 0.999999 0.999999 0.918181 0.999999 0.999999 0.999999 0.999999
60 CHL-1 Zero 49.5 0.856455 0.795128 0.0024000000000000002 0.0 0.9965989999999999 0.9952209999999999 0.999999 0.995199 0.828861 0.0022 0.7692990000000001 0.002258
60 CHL-1 BRAF 49.5 0.8591369999999997 0.80314 0.0 0.0 0.9938849999999999 0.992116 0.9997989999999997 0.992 0.8346639999999999 0.0 0.7801769999999998 0.0
60 CHL-1 PI3K 49.5 0.8290529999999999 0.0 0.7623329999999999 0.0 0.0010299999999999999 0.0 0.5966740000000001 0.0 0.8787319999999998 0.7465750000000001 0.8220019999999999 0.7501129999999999
61 CL-40 Zero 49.0 0.8401079999999999 0.342639 0.40739 0.0 0.478749 0.5664819999999999 0.5823379999999999 0.398281 0.9418799999999998 0.40495299999999995 0.941533 0.4070979999999999
60 CHL-1 p53 49.5 0.8494519999999999 0.790967 0.0048 0.0 0.9940009999999999 0.9925889999999999 0.9998019999999999 0.992753 0.8244879999999999 0.0042769999999999996 0.7708769999999999 0.004774
61 CL-40 BRAF 49.0 0.542072 0.34416300000000005 0.0 0.0 0.49938199999999994 0.6077770000000001 0.631646 0.41322999999999993 0.9114180000000001 0.0 0.9125810000000001 0.0
61 CL-40 PI3K 49.0 0.8081419999999999 0.010021000000000002 0.8222339999999999 0.0 0.011416 0.012391999999999999 0.017319 0.010660000000000001 0.9780969999999999 0.806392 0.9789159999999999 0.8132679999999999
62 UACC-62 Zero 49.0 0.41851599999999994 0.041761999999999994 0.999999 0.43395799999999995 0.12772800000000004 0.048616000000000006 0.17197100000000004 0.045510999999999996 0.999999 0.999999 0.999999 0.999999
61 CL-40 p53 49.0 0.8198380000000001 0.34350400000000003 0.389945 0.0 0.478715 0.563059 0.5795250000000001 0.404516 0.9427570000000001 0.383706 0.940816 0.386348
62 UACC-62 BRAF 49.0 0.015499000000000002 0.005379 0.0 0.438017 0.13885999999999998 0.04647500000000001 0.18405799999999997 0.043891000000000006 0.06624699999999999 0.0 0.13928199999999996 0.0
62 UACC-62 PI3K 49.0 0.39640200000000003 0.0 1.0 0.4304140000000001 0.075817 0.0 0.11680099999999999 0.0 1.0 1.0 1.0 1.0
62 UACC-62 p53 49.0 0.9999999999999999 0.078776 0.9999999999999999 0.0 0.15696100000000002 0.090534 0.191267 0.082038 0.9999999999999999 0.9999999999999999 0.9999999999999999 0.9999999999999999
63 KM12 Zero 49.0 0.18406899999999998 0.07483700000000001 0.318128 0.0002 0.40776799999999985 0.7603279999999997 0.8619209999999997 0.36610999999999994 0.17634699999999995 0.08240400000000003 0.588985 0.2683150000000001
63 KM12 BRAF 49.0 0.177755 0.075182 0.0 0.0002 0.413134 0.7689880000000001 0.8680790000000004 0.36588499999999996 0.17027599999999998 0.0 0.596101 0.0
63 KM12 PI3K 49.0 0.17228899999999994 0.0 0.6646329999999999 0.0 0.0 0.0 0.21723099999999995 0.0 0.18176199999999998 0.165857 0.6018939999999999 0.5841979999999998
64 SW1463 Zero 49.0 0.9730289999999999 0.557857 0.23412499999999994 0.0 0.759107 0.758548 0.7706869999999998 0.5770909999999999 0.9850639999999999 0.22078099999999995 0.9882389999999999 0.22719599999999995
63 KM12 p53 49.0 0.18250100000000002 0.07718799999999999 0.31633 0.0 0.419847 0.771137 0.8662929999999999 0.3737510000000001 0.17939400000000003 0.081071 0.601536 0.27329600000000004
64 SW1463 BRAF 49.0 0.774429 0.5789030000000001 0.0 0.0 0.7672730000000001 0.7677740000000001 0.7809480000000001 0.5952299999999999 0.9861190000000001 0.0 0.9907290000000001 0.0
64 SW1463 PI3K 49.0 0.9815999999999999 0.187115 0.751037 0.0 0.240393 0.239507 0.25443299999999996 0.1896 0.9942719999999999 0.735245 0.9954320000000001 0.743538
64 SW1463 p53 49.0 0.9731899999999999 0.565347 0.239107 0.0 0.7541009999999999 0.754265 0.765162 0.584559 0.987047 0.22765999999999995 0.9906659999999998 0.23455999999999996
65 CP67-MEL Zero 49.0 0.9138689999999999 0.8269610000000001 0.9999989999999997 0.14280700000000002 0.9125429999999999 0.8498939999999999 0.9837189999999998 0.8560689999999999 0.9999989999999997 0.9999989999999997 0.9999989999999997 0.9999989999999997
65 CP67-MEL BRAF 49.5 0.7119799999999997 0.6249049999999999 0.0 0.151782 0.9504919999999998 0.9041789999999996 0.9910229999999997 0.9078619999999998 0.7373409999999997 0.0 0.7631919999999998 0.0
65 CP67-MEL PI3K 49.0 0.6134890000000001 0.11668299999999998 0.999998 0.146213 0.26322199999999996 0.111214 0.7133809999999999 0.11778999999999999 0.999998 0.999998 0.999998 0.999998
65 CP67-MEL p53 49.0 0.9620709999999999 0.868373 0.9999999999999999 0.0 0.9431189999999999 0.900815 0.986995 0.903385 0.9999999999999999 0.9999999999999999 0.9999999999999999 0.9999999999999999
66 Hs-939-T Zero 49.0 0.8339929999999999 0.47295199999999993 0.999999 0.419219 0.8041929999999998 0.46967800000000004 0.8714039999999998 0.470082 0.999999 0.999999 0.999999 0.999999
66 Hs-939-T BRAF 49.0 0.18509500000000004 0.08554400000000002 0.0 0.42093699999999995 0.8174379999999998 0.48105000000000003 0.8799069999999997 0.482222 0.19094600000000006 0.0 0.184206 0.0
66 Hs-939-T PI3K 49.0 0.701943 0.0 0.999999 0.40567999999999993 0.43090500000000004 0.0 0.550049 0.0 0.999999 0.999999 0.999999 0.999999
66 Hs-939-T p53 49.0 0.9979219999999999 0.8004509999999999 0.9999999999999998 0.0 0.9331509999999998 0.796663 0.9616249999999998 0.7980649999999999 0.9999999999999998 0.9999999999999998 0.9999999999999998 0.9999999999999998
67 NCI-H747 Zero 49.0 0.988792 0.8160680000000001 0.15183599999999997 0.0 0.815852 0.803176 0.88439 0.808793 1.000003 0.13783499999999999 1.000003 0.144167
67 NCI-H747 BRAF 49.0 0.89128 0.8146220000000001 0.0 0.0 0.812734 0.801642 0.8852369999999999 0.807454 1.0 0.0 1.0 0.0
67 NCI-H747 PI3K 49.0 0.9931899999999999 0.017652 0.96985 0.0 0.01786 0.01536 0.061397 0.016921 1.000001 0.962314 1.000001 0.965635
67 NCI-H747 p53 49.0 0.9913130000000001 0.819623 0.14957900000000005 0.0 0.8146289999999999 0.803399 0.8893010000000001 0.811617 1.0 0.136418 1.0 0.14153200000000002
68 HT55 Zero 49.0 0.7881799999999998 0.29696600000000006 0.9999999999999998 0.29319000000000006 0.379657 0.749937 0.7632499999999998 0.30236700000000005 0.9999999999999998 0.9999999999999998 0.9999999999999998 0.9999999999999998
68 HT55 BRAF 49.0 0.626419 0.24410300000000001 0.0 0.2830019999999999 0.385416 0.791872 0.802929 0.30282599999999993 0.8143840000000001 0.0 0.816645 0.0
68 HT55 PI3K 49.0 0.784227 0.19225300000000003 0.999998 0.30474 0.231315 0.43895 0.459024 0.19206600000000001 0.999998 0.999998 0.999998 0.999998
68 HT55 p53 49.0 0.999999 0.353027 0.999999 0.0022120000000000004 0.457506 0.8839079999999999 0.896223 0.358642 0.999999 0.999999 0.999999 0.999999
69 MMAc-SF Zero 49.0 0.754551 0.37083199999999994 0.9999969999999999 0.26813399999999993 0.375955 0.366594 0.3938579999999999 0.3682079999999999 0.9999969999999999 0.9999969999999999 0.9999969999999999 0.9999969999999999
69 MMAc-SF BRAF 49.5 0.05881500000000001 0.037475 0.0 0.26678199999999996 0.6713849999999999 0.635375 0.7142909999999999 0.6292910000000002 0.06761200000000002 0.0 0.03734599999999999 0.0
69 MMAc-SF PI3K 49.0 0.726153 0.0 1.0 0.278937 0.0006 0.0 0.0016 0.0 1.0 1.0 1.0 1.0
69 MMAc-SF p53 49.0 1.000001 0.48899999999999993 1.000001 0.0 0.4900319999999999 0.4886 0.4942529999999999 0.48879999999999996 1.000001 1.000001 1.000001 1.000001
70 COLO-783 Zero 49.0 0.780899 0.35873499999999997 1.000001 0.586195 0.7487129999999999 0.35071 0.873282 0.354285 1.000001 1.000001 1.000001 1.000001
70 COLO-783 BRAF 49.0 0.5759039999999999 0.30126099999999995 0.0 0.5860719999999999 0.761506 0.4000159999999999 0.8768479999999998 0.40530599999999994 0.728261 0.0 0.705747 0.0
70 COLO-783 PI3K 49.0 0.682276 0.0 0.9999990000000001 0.568325 0.436475 0.0 0.6212789999999999 0.0 0.9999990000000001 0.9999990000000001 0.9999990000000001 0.9999990000000001
71 SK-MEL-3 Zero 49.0 0.6434219999999999 0.220295 0.9999999999999999 0.5575359999999999 0.478737 0.219175 0.739104 0.219567 0.9999999999999999 0.9999999999999999 0.9999999999999999 0.9999999999999999
70 COLO-783 p53 49.0 0.9999999999999999 0.806198 0.9999999999999999 0.0032 0.9444769999999999 0.8044529999999999 0.9784949999999999 0.804216 0.9999999999999999 0.9999999999999999 0.9999999999999999 0.9999999999999999
71 SK-MEL-3 BRAF 49.0 0.115702 0.048535 0.0 0.5647049999999998 0.507444 0.22409300000000001 0.758769 0.22348700000000002 0.160692 0.0 0.171989 0.0
71 SK-MEL-3 PI3K 49.0 0.606621 0.0 0.999999 0.560539 0.28632 0.0 0.622068 0.0 0.999999 0.999999 0.999999 0.999999
71 SK-MEL-3 p53 49.0 1.0 0.49 1.0 0.0 0.654471 0.49119999999999997 0.8213790000000001 0.49066699999999996 1.0 1.0 1.0 1.0
72 SK-MEL-28 Zero 49.0 0.9999999999999999 0.375454 0.9999999999999999 0.0 0.7062419999999999 0.7021399999999999 0.49824 0.382786 0.9999999999999999 0.9999999999999999 0.9999999999999999 0.9999999999999999
72 SK-MEL-28 BRAF 49.0 0.08553099999999998 0.052993000000000005 0.0 0.0 0.7020700000000001 0.6979299999999999 0.48694600000000005 0.379355 0.154498 0.0 0.097857 0.0
72 SK-MEL-28 PI3K 49.0 1.0 0.0 1.0 0.0 0.0 0.0 0.168288 0.0 1.0 1.0 1.0 1.0
72 SK-MEL-28 p53 49.0 1.000001 0.377507 1.000001 0.0 0.696871 0.693715 0.49542899999999995 0.38209 1.000001 1.000001 1.000001 1.000001
73 G-361 Zero 49.0 0.5394789999999999 0.409145 1.000002 0.732962 0.42276199999999997 0.39009099999999997 0.9145460000000001 0.40058399999999994 1.000002 1.000002 1.000002 1.000002
73 G-361 BRAF 49.0 0.34706 0.28176599999999996 0.0 0.7302639999999999 0.4338100000000001 0.39773100000000006 0.918643 0.403942 0.5613279999999998 0.0 0.5188869999999999 0.0
73 G-361 PI3K 49.0 0.269167 0.0 1.0 0.727848 0.0 0.0 0.606236 0.0 1.0 1.0 1.0 1.0
74 451Lu Zero 49.0 1.0000000000000002 0.300096 1.0000000000000002 0.0 0.43996399999999997 0.3730099999999999 0.626602 0.30441199999999996 1.0000000000000002 1.0000000000000002 1.0000000000000002 1.0000000000000002
73 G-361 p53 49.0 1.0000010000000001 0.598481 1.0000010000000001 0.0 0.607615 0.591807 0.9366810000000001 0.5947100000000001 1.0000010000000001 1.0000010000000001 1.0000010000000001 1.0000010000000001
74 451Lu BRAF 49.5 0.05905 0.031006000000000002 0.0 0.0002 0.5063869999999998 0.4278549999999999 0.6565980000000002 0.34593799999999997 0.06941 0.0 0.033046 0.0
74 451Lu PI3K 49.0 1.0000000000000002 0.0 1.0000000000000002 0.0004 0.11136599999999999 0.0 0.518836 0.0 1.0000000000000002 1.0000000000000002 1.0000000000000002 1.0000000000000002
74 451Lu p53 49.0 0.9999999999999999 0.296008 0.9999999999999999 0.0 0.44087299999999996 0.368349 0.6276669999999999 0.30121 0.9999999999999999 0.9999999999999999 0.9999999999999999 0.9999999999999999
75 CL-34 Zero 49.0 0.5953999999999999 0.190282 0.9999999999999999 0.40797900000000004 0.216235 0.278752 0.278139 0.19458 0.9999999999999999 0.9999999999999999 0.9999999999999999 0.9999999999999999
75 CL-34 BRAF 49.0 0.17371800000000007 0.07566300000000001 0.0 0.431064 0.240103 0.3548170000000001 0.377887 0.20885200000000004 0.352996 0.0 0.335729 0.0
75 CL-34 PI3K 49.0 0.571654 0.0 1.0 0.428902 0.0 0.0 0.0 0.0 1.0 1.0 1.0 1.0
76 K2 Zero 49.0 0.890859 0.5650940000000001 0.9999989999999999 0.254201 0.823747 0.559516 0.894143 0.561763 0.9999989999999999 0.9999989999999999 0.9999989999999999 0.9999989999999999
75 CL-34 p53 49.0 1.0 0.382162 1.0 0.0 0.41035400000000005 0.481281 0.48114300000000004 0.386458 1.0 1.0 1.0 1.0
76 K2 BRAF 49.5 0.066147 0.035740999999999995 0.0 0.24700199999999997 0.8461699999999998 0.629602 0.9031379999999998 0.629793 0.063476 0.0 0.054791 0.0
76 K2 PI3K 49.0 0.864282 0.0 1.0 0.2492 0.411719 0.0 0.5617139999999999 0.0 1.0 1.0 1.0 1.0
76 K2 p53 49.0 1.0 0.7375449999999999 1.0 0.0 0.915986 0.732698 0.9549199999999999 0.7339989999999998 1.0 1.0 1.0 1.0
77 RKO Zero 49.0 1.0 0.9998 1.0 0.489419 1.0 1.0 1.0 0.9998 1.0 1.0 1.0 1.0
77 RKO BRAF 49.0 0.3429999999999999 0.306693 0.0 0.48891899999999994 1.0 1.0 1.0 0.9998 0.319528 0.0 0.3126129999999999 0.0
77 RKO PI3K 49.0 0.516868 0.0 1.0000000000000002 0.49215099999999995 0.007764 0.0 0.013816000000000002 0.0 1.0000000000000002 1.0000000000000002 1.0000000000000002 1.0000000000000002
78 SK-MEL-30 Zero 49.0 0.7843429999999999 0.46910099999999993 1.0 0.3434 0.643346 0.47132799999999997 0.843452 0.4698069999999999 1.0 1.0 1.0 1.0
77 RKO p53 49.0 1.0 0.9996 1.0 0.0 1.0 1.0 1.0 0.9996 1.0 1.0 1.0 1.0
78 SK-MEL-30 BRAF 49.0 0.7324659999999998 0.47213400000000005 0.0 0.33197699999999997 0.642049 0.47521299999999994 0.8365489999999999 0.47253900000000004 0.9999999999999998 0.0 0.9999999999999998 0.0
78 SK-MEL-30 PI3K 49.0 0.7701260000000001 0.0 1.0 0.32699999999999996 0.233155 0.0 0.6317929999999999 0.0 1.0 1.0 1.0 1.0
78 SK-MEL-30 p53 49.0 1.0000010000000001 0.691718 1.0000010000000001 0.0 0.8114870000000001 0.700262 0.9239670000000001 0.694853 1.0000010000000001 1.0000010000000001 1.0000010000000001 1.0000010000000001
79 CCK-81 Zero 49.0 0.541343 0.44855500000000004 0.0 0.5668839999999999 1.000001 1.000001 1.000001 0.9865059999999999 0.489627 0.0 0.453544 0.0
79 CCK-81 BRAF 49.0 0.551893 0.46233199999999997 0.0 0.5661709999999999 0.999802 1.000002 1.000002 0.989303 0.49999999999999994 0.0 0.458599 0.0
80 CP50-MEL-B Zero 49.0 0.7707649999999998 0.163052 1.0000009999999997 0.824781 0.7587689999999998 0.31532400000000005 0.5737069999999999 0.15994599999999998 1.0000009999999997 1.0000009999999997 1.0000009999999997 1.0000009999999997
79 CCK-81 PI3K 49.0 0.18322599999999997 0.0 0.49087700000000006 0.5651039999999999 0.0 0.0 0.00034100000000000005 0.0 0.5589599999999999 0.41563900000000004 0.49918300000000015 0.42678900000000014
80 CP50-MEL-B BRAF 49.5 0.23832199999999998 0.060703 0.0 0.83065 0.7448409999999999 0.3293999999999999 0.57614 0.17011300000000004 0.40018600000000004 0.0 0.310603 0.0
79 CCK-81 p53 49.0 0.5650970000000001 0.47954100000000005 0.0 0.0023949999999999996 1.0 1.0 1.0 0.9891850000000001 0.5253480000000001 0.0 0.478626 0.0
80 CP50-MEL-B PI3K 49.0 0.605984 0.006303 0.999999 0.8239130000000001 0.5077639999999999 0.014575 0.295938 0.0062 0.999999 0.999999 0.999999 0.999999
80 CP50-MEL-B p53 49.0 0.9997980000000001 0.472074 0.999998 0.0 0.984372 0.9350849999999999 0.965584 0.47681799999999996 0.999998 0.999998 0.999998 0.999998
81 WM-115 Zero 49.0 0.6157549999999999 0.43424499999999994 1.000002 0.41223499999999996 0.5116369999999999 0.43957499999999994 0.5998439999999999 0.44103399999999987 1.000002 1.000002 1.000002 1.000002
81 WM-115 BRAF 49.0 0.20733599999999996 0.148676 0.0 0.39872499999999994 0.5142380000000002 0.4461909999999998 0.5945890000000001 0.445754 0.316853 0.0 0.361291 0.0
81 WM-115 PI3K 49.0 0.554217 0.0 0.9999999999999999 0.40234300000000006 0.005783 0.0 0.030301 0.0 0.9999999999999999 0.9999999999999999 0.9999999999999999 0.9999999999999999
81 WM-115 p53 49.0 0.9733809999999997 0.7118849999999999 0.9999989999999997 0.0 0.7798329999999999 0.7305569999999999 0.8334859999999998 0.730108 0.9999989999999997 0.9999989999999997 0.9999989999999997 0.9999989999999997
82 CW-2 Zero 49.5 0.17711800000000003 0.07011100000000002 0.109729 0.242191 0.32940999999999987 0.41654899999999967 0.4751779999999998 0.29330699999999993 0.3405029999999999 0.07606900000000004 0.4738819999999999 0.099654
82 CW-2 BRAF 49.5 0.14792400000000006 0.07765300000000001 0.0 0.246933 0.33572300000000016 0.4240360000000002 0.4793800000000001 0.29351800000000017 0.31468100000000016 0.0 0.45461 0.0
83 HCT-116 Zero 49.0 0.9641220000000001 0.8967919999999999 0.17768699999999998 0.5531979999999999 0.978143 0.999996 0.999996 0.918901 0.9871530000000001 0.19466899999999998 0.9899170000000002 0.187059
82 CW-2 PI3K 49.5 0.10546999999999997 0.0 0.15847200000000003 0.24721500000000005 0.0 0.0 0.14148600000000006 0.0 0.35202 0.11053499999999998 0.48352500000000004 0.13976500000000003
83 HCT-116 BRAF 49.0 0.9629010000000001 0.896029 0.0 0.5657990000000002 0.9800350000000001 0.9999990000000001 0.9999990000000001 0.9180349999999999 0.9865090000000002 0.0 0.9901740000000001 0.0
82 CW-2 p53 49.5 0.2928129999999998 0.147342 0.07086399999999998 0.0 0.575657 0.6728919999999998 0.6953449999999999 0.5327039999999998 0.3428979999999998 0.05167800000000001 0.4712119999999999 0.06583900000000001
83 HCT-116 PI3K 49.0 0.4366 0.0 1.0 0.5646 0.0 0.0 0.0054529999999999995 0.0 1.0 1.0 1.0 1.0
84 MZ2-MEL Zero 49.0 0.487769 0.32999200000000006 0.5119869999999999 0.699201 0.44522599999999996 0.408858 0.4753350000000001 0.3289710000000001 0.9999999999999998 0.49090999999999996 0.9999999999999998 0.50238
83 HCT-116 p53 49.0 0.9876059999999998 0.901002 0.185976 0.0028680000000000003 0.9781399999999998 1.0000009999999997 1.0000009999999997 0.920194 0.9892339999999997 0.20263000000000003 0.9912459999999997 0.19309900000000002
84 MZ2-MEL BRAF 49.0 0.45532 0.321529 0.0 0.7039989999999999 0.44670000000000004 0.39720300000000003 0.469297 0.31969100000000006 0.9999989999999999 0.0 0.9999989999999999 0.0
84 MZ2-MEL PI3K 49.0 0.286305 0.0 0.9984 0.7128 0.0 0.0 0.0004 0.0 1.0 0.9978 1.0 0.9984
84 MZ2-MEL p53 49.0 0.974925 0.6698629999999999 0.08832599999999999 0.0 0.8916709999999998 0.8654199999999997 0.8992989999999997 0.6750559999999999 1.0000019999999998 0.08108599999999999 1.0000019999999998 0.08516699999999999
85 WM793B Zero 49.0 0.5529049999999999 0.28573800000000005 0.9999970000000001 0.4609289999999999 0.45628700000000005 0.37262400000000007 0.7861250000000001 0.357946 0.9999970000000001 0.9999970000000001 0.9999970000000001 0.9999970000000001
85 WM793B BRAF 49.5 0.212396 0.14998899999999998 0.0 0.45818000000000003 0.6590979999999996 0.5700029999999998 0.8846489999999999 0.538882 0.33904400000000007 0.0 0.32018900000000006 0.0
85 WM793B PI3K 49.0 0.44568 0.013432 1.000001 0.4540119999999999 0.057804 0.014668 0.49593199999999993 0.015132 1.000001 1.000001 1.000001 1.000001
86 SW620 Zero 49.0 0.9992709999999999 0.514597 0.5259229999999998 0.0019390000000000002 0.614014 0.514126 0.8043059999999999 0.5142939999999999 0.999396 0.523016 0.9995959999999999 0.5245219999999999
85 WM793B p53 49.0 0.821601 0.41594400000000004 1.0000000000000002 0.0 0.58833 0.5374320000000001 0.825067 0.513874 1.0000000000000002 1.0000000000000002 1.0000000000000002 1.0000000000000002
86 SW620 BRAF 49.0 0.810201 0.52715 0.0 0.0014000000000000002 0.631354 0.525563 0.801622 0.5249130000000001 0.9999999999999999 0.0 0.9999999999999999 0.0
86 SW620 PI3K 49.0 1.0000010000000001 0.011075 0.905763 0.003 0.11523600000000003 0.0094 0.439333 0.010604 1.0000010000000001 0.896378 1.0000010000000001 0.901826
86 SW620 p53 49.0 1.000001 0.516261 0.5210539999999999 0.001865 0.6143509999999999 0.5169260000000001 0.7996839999999998 0.5158710000000001 1.000001 0.5194860000000001 1.000001 0.520045
87 SH-4 Zero 49.0 0.4215 0.182296 1.0 0.5837249999999999 0.193923 0.18591700000000003 0.38002500000000006 0.183181 1.0 1.0 1.0 1.0
87 SH-4 BRAF 49.0 0.08736500000000001 0.06911500000000001 0.0 0.561025 0.20679299999999995 0.19934699999999994 0.3978749999999999 0.19683999999999996 0.22591200000000003 0.0 0.232841 0.0
87 SH-4 PI3K 49.0 0.42826200000000003 0.0 1.000001 0.5681649999999999 0.0 0.0 0.182708 0.0 1.000001 1.000001 1.000001 1.000001
87 SH-4 p53 49.0 0.9922269999999999 0.435645 1.0000009999999997 0.0 0.45217100000000005 0.44925200000000004 0.5723330000000001 0.442106 1.0000009999999997 1.0000009999999997 1.0000009999999997 1.0000009999999997
88 RCM-1 Zero 49.0 0.5547519999999998 0.139187 0.6979789999999996 0.41011299999999984 0.27507499999999996 0.3365529999999999 0.3447899999999997 0.1655540000000001 0.9523129999999999 0.6893259999999998 0.9585289999999999 0.6916689999999999
88 RCM-1 BRAF 49.0 0.31442099999999995 0.136287 0.0 0.4023259999999999 0.30075099999999994 0.37544799999999995 0.38462499999999994 0.168432 0.8841399999999998 0.0 0.8974939999999998 0.0
88 RCM-1 PI3K 49.0 0.596908 0.0 1.000001 0.399628 0.0 0.0 0.0 0.0 1.000001 0.9996369999999999 1.000001 0.9997259999999999
88 RCM-1 p53 49.0 0.9047890000000001 0.204748 0.540789 0.0 0.44680200000000003 0.543531 0.5458160000000001 0.255375 0.9243640000000001 0.5371049999999999 0.9322959999999999 0.538932
89 IPC-298 Zero 49.0 0.8482970000000001 0.480979 0.3897700000000001 0.32796800000000004 0.576208 0.48553399999999997 0.693973 0.48157300000000003 1.000001 0.3868740000000001 1.000001 0.3865080000000001
89 IPC-298 BRAF 49.0 0.6627449999999999 0.468655 0.0 0.34103799999999995 0.5653320000000001 0.47146299999999997 0.6862309999999999 0.46850099999999995 1.0000009999999997 0.0 1.0000009999999997 0.0
89 IPC-298 PI3K 49.0 0.8067019999999999 0.0 0.94429 0.333043 0.038563 0.0 0.18568600000000002 0.0 0.9999990000000001 0.9365600000000001 0.9999990000000001 0.9402730000000001
89 IPC-298 p53 49.0 0.994838 0.6975989999999999 0.22350500000000004 0.0 0.757293 0.710507 0.8253379999999998 0.7004759999999999 0.9999999999999999 0.22451699999999997 0.9999999999999999 0.22453599999999999
90 COLO-205 Zero 49.0 0.473052 0.19140300000000002 1.0000010000000004 0.727179 0.26032500000000003 0.6194840000000001 0.6742980000000002 0.19340800000000002 1.0000010000000004 1.0000010000000004 1.0000010000000004 1.0000010000000004
90 COLO-205 BRAF 49.0 0.04686800000000001 0.019803 0.0 0.7248769999999999 0.2884729999999999 0.6711980000000002 0.7190110000000001 0.21599100000000002 0.09184699999999998 0.0 0.11459899999999996 0.0
90 COLO-205 PI3K 49.0 0.4479449999999999 0.151178 1.000002 0.7135650000000001 0.19298200000000001 0.43670699999999996 0.499394 0.152 1.000002 1.000002 1.000002 1.000002
90 COLO-205 p53 49.0 1.0000000000000002 0.238793 1.0000000000000002 0.012086 0.32958 0.787798 0.820744 0.243403 1.0000000000000002 1.0000000000000002 1.0000000000000002 1.0000000000000002
91 M14 Zero 49.0 1.0 0.870069 1.0 0.0 0.9581020000000001 0.8736290000000001 0.981951 0.867549 1.0 1.0 1.0 1.0
91 M14 BRAF 49.5 0.7950130000000001 0.710256 0.0 0.0 0.993428 0.975144 0.988728 0.96373 0.7678740000000001 0.0 0.5901470000000001 0.0
91 M14 PI3K 49.0 1.0 0.0 1.0 0.0 0.29786799999999997 0.0 0.60886 0.0 1.0 1.0 1.0 1.0
91 M14 p53 49.0 0.9999989999999999 0.866238 0.9999989999999999 0.0 0.9570649999999999 0.869382 0.97883 0.862676 0.9999989999999999 0.9999989999999999 0.9999989999999999 0.9999989999999999
92 T84 Zero 49.0 0.975358 0.635698 0.05101100000000001 0.371587 0.941379 0.999999 0.999999 0.648575 0.9998239999999999 0.057492 0.999999 0.05448700000000001
92 T84 BRAF 49.0 0.9743150000000002 0.6330830000000001 0.0 0.360885 0.9443090000000001 1.0 1.0 0.6469260000000001 0.9998000000000001 0.0 1.0 0.0
92 T84 PI3K 49.0 0.557629 0.0 0.878821 0.36431299999999994 0.0 0.0 0.01658 0.0 0.9995999999999999 0.868399 0.9997999999999999 0.872541
92 T84 p53 49.0 0.999625 0.633802 0.044466 0.0 0.9495530000000001 1.0 1.0 0.64788 0.999735 0.0483 1.0 0.046657
93 SK-MEL-5 Zero 49.0 0.51465 0.25688999999999995 1.000002 0.4935029999999999 0.264545 0.256601 0.33096699999999996 0.256884 0.999602 0.999402 0.999802 0.999602
93 SK-MEL-5 BRAF 49.0 0.04414999999999999 0.025041999999999995 0.0 0.48944399999999993 0.2727029999999999 0.25734299999999993 0.36102599999999996 0.25625799999999993 0.075171 0.0 0.105915 0.0
93 SK-MEL-5 PI3K 49.0 0.5027029999999999 0.0 0.9999999999999998 0.49408500000000005 0.001 0.0 0.050774 0.0 0.9993999999999998 0.9993999999999998 0.9993999999999998 0.9993999999999998
93 SK-MEL-5 p53 49.0 0.9987999999999999 0.494892 0.9999999999999998 0.0 0.49754099999999996 0.49599999999999994 0.521802 0.49579999999999996 0.9991999999999999 0.9989999999999999 0.9993999999999998 0.9993999999999998
94 A375 Zero 49.0 0.49300000000000005 0.15473399999999998 0.9999999999999999 0.507 0.23910599999999999 0.238322 0.281693 0.15700299999999998 0.9999999999999999 0.9999999999999999 0.9999999999999999 0.9999999999999999
94 A375 BRAF 49.0 0.15617299999999998 0.08685500000000002 0.0 0.4888 0.24985900000000003 0.248276 0.29318199999999994 0.159194 0.3941509999999999 0.0 0.42797299999999994 0.0
94 A375 PI3K 49.0 0.4986 0.0 1.0 0.5014000000000001 0.0 0.0 0.030602999999999998 0.0 1.0 1.0 1.0 1.0
94 A375 p53 49.0 1.0 0.31126300000000007 1.0 0.0 0.47601800000000005 0.474288 0.528727 0.314271 1.0 1.0 1.0 1.0
95 SK-CO-1 Zero 49.0 0.8699999999999999 0.214125 0.7415169999999999 0.122999 0.26049200000000006 0.2671760000000001 0.310396 0.22059200000000004 0.9935589999999997 0.7427349999999999 0.9950569999999997 0.7415889999999998
95 SK-CO-1 BRAF 49.0 0.31377299999999997 0.214765 0.0 0.11960000000000001 0.271541 0.279874 0.32664599999999994 0.22208199999999997 0.9913980000000002 0.0 0.9943400000000002 0.0
95 SK-CO-1 PI3K 49.0 0.8645999999999999 0.0 1.0 0.1286 0.0 0.0 0.041045 0.0 0.9928 0.99195 0.994 0.9938
95 SK-CO-1 p53 49.0 0.9901840000000003 0.255704 0.68453 0.0 0.319958 0.326789 0.37302599999999986 0.26591899999999996 0.9916050000000002 0.6899109999999999 0.9932010000000001 0.685432
96 SW626 Zero 49.0 0.6063230000000001 0.36679499999999987 0.6153750000000001 0.5881969999999999 0.408894 0.43607900000000005 0.633766 0.36683799999999983 0.999996 0.6076239999999999 0.999996 0.6104540000000002
96 SW626 BRAF 49.0 0.534277 0.385047 0.0 0.5713989999999999 0.425413 0.454593 0.6508309999999999 0.38423799999999997 0.9999989999999999 0.0 0.9999989999999999 0.0
96 SW626 PI3K 49.0 0.441185 0.015071999999999997 0.9865559999999998 0.576799 0.014380999999999998 0.015158999999999999 0.1952889999999999 0.013312999999999998 0.9999989999999997 0.984443 0.9999989999999997 0.9856639999999998
97 LS-123 Zero 49.0 0.8871280000000004 0.247611 0.6172660000000002 0.0 0.280611 0.28136800000000006 0.281569 0.252715 1.0000010000000006 0.6148110000000002 1.0000010000000006 0.6164130000000002
96 SW626 p53 49.0 0.9983380000000001 0.583692 0.39595199999999986 0.0 0.6544220000000002 0.7026060000000001 0.8249700000000002 0.581427 1.000001 0.3939029999999999 1.000001 0.39430299999999985
97 LS-123 BRAF 49.0 0.283186 0.253321 0.0 0.0 0.285413 0.28668600000000005 0.28714599999999996 0.257025 0.9999989999999999 0.0 0.9999989999999999 0.0
97 LS-123 PI3K 49.0 0.853162 0.0 0.8692240000000001 0.0 0.0 0.0 0.002636 0.0 0.999998 0.857769 0.999998 0.863535
97 LS-123 p53 49.0 0.8804399999999999 0.250093 0.613223 0.0 0.283212 0.28457 0.28467300000000006 0.254344 0.9999999999999999 0.611301 0.9999999999999999 0.6120639999999999
98 SNU-C5 Zero 49.0 0.9998009999999999 0.9039470000000001 1.000001 0.002081 0.978865 1.000001 1.000001 0.910251 1.000001 1.000001 1.000001 1.000001
98 SNU-C5 BRAF 49.0 0.8157209999999999 0.703488 0.0 0.001882 0.9814609999999998 0.9999999999999998 0.9999999999999998 0.9060619999999999 0.7986159999999998 0.0 0.5485749999999998 0.0
98 SNU-C5 PI3K 49.0 0.9994 0.016169 1.0 0.0012 0.015733 0.016465 0.019959 0.015379 1.0 1.0 1.0 1.0
98 SNU-C5 p53 49.0 0.998529 0.9066230000000001 1.0 0.0016 0.97972 1.0 1.0 0.914523 1.0 1.0 1.0 1.0
99 SW48 Zero 49.0 0.998199 0.9913829999999999 0.0862 0.5636099999999999 0.9999989999999999 0.9999989999999999 0.9999989999999999 0.9943489999999998 0.9997989999999999 0.095117 0.9999989999999999 0.090381
99 SW48 BRAF 49.0 0.9972009999999999 0.991276 0.0 0.565652 1.000001 1.000001 1.000001 0.995001 1.000001 0.0 1.000001 0.0
99 SW48 PI3K 49.0 0.168138 0.01638 0.2735219999999999 0.563805 0.014636 0.014362 0.021541000000000005 0.015355999999999998 1.0000010000000001 0.2955809999999999 1.0000010000000001 0.28461499999999995
99 SW48 p53 49.0 0.9974000000000001 0.9907210000000001 0.095903 0.072045 1.0 1.0 1.0 0.9943770000000001 1.0 0.10647200000000001 1.0 0.10018800000000001
100 Hs-940-T Zero 49.0 0.6314949999999999 0.235955 0.5621659999999999 0.24080000000000001 0.29201499999999997 0.29116700000000006 0.275987 0.24171199999999998 0.9999999999999999 0.5542989999999999 0.9999999999999999 0.558453
100 Hs-940-T BRAF 49.0 0.28154700000000005 0.241348 0.0 0.2402 0.30266000000000004 0.301299 0.285899 0.246441 1.0 0.0 1.0 0.0
100 Hs-940-T PI3K 49.0 0.629834 0.0 0.8489369999999999 0.24080000000000001 0.0002 0.0 0.000539 0.0 0.9999999999999999 0.836556 0.9999999999999999 0.842421
100 Hs-940-T p53 49.0 0.8369909999999998 0.310537 0.488495 0.0 0.381879 0.38089700000000004 0.363987 0.317381 1.0000009999999997 0.48228800000000005 1.0000009999999997 0.48593000000000003
101 VMRC-MELG Zero 49.0 0.8027210000000001 0.38956099999999994 1.0000000000000002 0.419199 0.7373470000000001 0.563874 0.8066860000000002 0.40565899999999994 1.0000000000000002 1.0000000000000002 1.0000000000000002 1.0000000000000002
101 VMRC-MELG BRAF 49.0 0.33741899999999997 0.190207 0.0 0.40960099999999994 0.8314349999999999 0.7178509999999999 0.8731899999999999 0.502147 0.41989499999999996 0.0 0.39008500000000007 0.0
101 VMRC-MELG PI3K 49.0 0.63727 0.010637 1.000001 0.4154010000000001 0.17568300000000003 0.014933999999999998 0.2659890000000001 0.011000000000000001 1.000001 1.000001 1.000001 1.000001
101 VMRC-MELG p53 49.0 0.9626989999999999 0.47183800000000004 0.9999989999999999 0.0 0.833426 0.7055460000000001 0.8731759999999998 0.49291399999999996 0.9999989999999999 0.9999989999999999 0.9999989999999999 0.9999989999999999
102 LOXIMVI Zero 49.0 0.534234 0.219844 0.999999 0.46959999999999996 0.28306000000000003 0.26402800000000004 0.31737899999999997 0.22361500000000004 0.997199 0.997014 0.999999 0.999999
102 LOXIMVI BRAF 49.0 0.22581 0.136972 0.0 0.4719999999999999 0.42945200000000006 0.36361299999999996 0.471148 0.30599899999999997 0.4603959999999999 0.0 0.7574789999999997 0.0
102 LOXIMVI PI3K 49.0 0.529138 0.0 1.000001 0.47400099999999995 0.006294999999999999 0.0 0.026357000000000002 0.0 0.998601 0.998601 1.000001 1.000001
102 LOXIMVI p53 49.0 0.9976009999999998 0.412728 1.000001 0.0 0.5070049999999998 0.487585 0.5466669999999998 0.417226 0.9980009999999998 0.9978469999999998 1.000001 1.000001
