n_profile Patient_ID Drug_ID Time Prosurvival_b1 Prosurvival_b2 Prosurvival_b3 Antisurvival_b1 Antisurvival_b2 Antisurvival_b3
1 SW48 Zero 29.8 1.0 1.0 1.0 0.0 0.0 0.0
0 LS-513 Zero 29.8 1.0 1.0 1.0 0.0002 0.0 0.0
2 HT-115 Zero 29.8 1.0 1.0 1.0 0.0002 0.0 0.0
1 SW48 BRAF 29.8 1.0 1.0 1.0 0.0 0.0 0.0
0 LS-513 BRAF 29.8 1.0 1.0 0.961316 0.034547 0.0 0.0
2 HT-115 BRAF 29.8 0.9999999999999999 0.9999999999999999 0.960846 0.037209 0.0 0.0
1 SW48 PI3K 29.8 1.0 1.0 0.0 1.0 0.0 0.0
0 LS-513 PI3K 29.8 1.0 1.0 0.0 1.0 0.0 0.0
2 HT-115 PI3K 29.8 1.0 1.0 0.0 1.0 0.0002 0.0
1 SW48 p53 29.8 1.0 1.0 1.0 0.0 0.0 0.0
0 LS-513 p53 29.8 1.0 1.0 1.0 0.0 0.0 0.0
2 HT-115 p53 29.8 1.0 1.0 1.0 0.0002 0.0 0.0
1 SW48 MEK 29.9 1.0 1.0 0.0006000000000000001 0.41862099999999997 0.0 0.0
0 LS-513 MEK 29.9 1.0 1.0 0.0 0.408517 0.0 0.0
2 HT-115 MEK 29.9 1.0 1.0 0.0 0.413469 0.0 0.0
3 G-361 Zero 29.8 1.0 1.0 0.9995999999999999 0.0004 0.0 0.0
4 SW620 Zero 29.8 1.0 1.0 1.0 0.0 0.0 0.0
5 CP67-MEL Zero 29.8 1.0 1.0 0.9995999999999999 0.0004 0.0 0.0
3 G-361 BRAF 29.8 1.0 1.0 0.9621890000000001 0.034913 0.0 0.0
4 SW620 BRAF 29.8 1.0000000000000002 1.0000000000000002 0.9819800000000001 0.020225 0.0 0.0
3 G-361 PI3K 29.8 1.0 1.0 0.0 1.0 0.0 0.0
5 CP67-MEL BRAF 29.8 1.0 1.0 0.9621890000000001 0.034913 0.0 0.0
4 SW620 PI3K 29.8 1.0 1.0 0.0 1.0 0.0 0.0
5 CP67-MEL PI3K 29.8 1.0 1.0 0.0 1.0 0.0 0.0
3 G-361 p53 29.8 1.0 1.0 0.9998 0.001 0.0 0.0
4 SW620 p53 29.8 1.0 1.0 1.0 0.0 0.0 0.0
5 CP67-MEL p53 29.8 1.0 1.0 0.9998 0.001 0.0 0.0
3 G-361 MEK 29.9 1.0 1.0 0.0012 0.41554399999999997 0.0 0.0
4 SW620 MEK 29.9 0.9999999999999999 0.9999999999999999 0.0004 0.429282 0.0 0.0
5 CP67-MEL MEK 29.9 1.0 1.0 0.0012 0.41554399999999997 0.0 0.0
6 UACC-257 Zero 29.8 1.0 1.0 0.9995999999999999 0.0004 0.0 0.0
7 CP66-MEL Zero 29.8 0.9999999999999999 0.9999999999999999 0.9995999999999999 0.0014 0.0 0.0
8 LS-180 Zero 29.8 1.0 1.0 1.0 0.0 0.0 0.0
6 UACC-257 BRAF 29.8 1.0 1.0 0.9621890000000001 0.034913 0.0 0.0
7 CP66-MEL BRAF 29.8 1.000001 1.000001 0.959647 0.033014 0.0 0.0
6 UACC-257 PI3K 29.8 1.0 1.0 0.0 1.0 0.0 0.0
8 LS-180 BRAF 29.8 1.0 1.0 0.9582970000000001 0.03751 0.0 0.0
7 CP66-MEL PI3K 29.8 1.0 1.0 0.0 1.0 0.0 0.0
8 LS-180 PI3K 29.8 1.0 1.0 0.0 1.0 0.0 0.0
6 UACC-257 p53 29.8 1.0 1.0 0.9998 0.001 0.0 0.0
7 CP66-MEL p53 29.8 1.0 1.0 1.0 0.001 0.0 0.0
8 LS-180 p53 29.8 1.0 1.0 1.0 0.0 0.0 0.0
6 UACC-257 MEK 29.9 1.0 1.0 0.0012 0.41554399999999997 0.0 0.0
7 CP66-MEL MEK 29.9 0.9999999999999999 0.9999999999999999 0.0014 0.419027 0.0 0.0
8 LS-180 MEK 29.9 1.0 1.0 0.0002 0.42808 0.0 0.0
9 HCT-116 Zero 29.8 1.0 1.0 1.0 0.0 0.0 0.0
10 VMRC-MELG Zero 29.8 1.0 1.0 0.9995999999999999 0.0004 0.0 0.0
11 HCC2998 Zero 29.8 1.0 1.0 1.0 0.0 0.0 0.0
9 HCT-116 BRAF 29.8 0.999999 0.999999 0.959215 0.032172 0.0 0.0
10 VMRC-MELG BRAF 29.8 1.0 1.0 0.9621890000000001 0.034913 0.0 0.0
11 HCC2998 BRAF 29.8 1.0 1.0 0.963138 0.03091 0.0 0.0
9 HCT-116 PI3K 29.8 1.0 1.0 0.0 1.0 0.0 0.0
10 VMRC-MELG PI3K 29.8 1.0 1.0 0.0 1.0 0.0 0.0
11 HCC2998 PI3K 29.8 1.0 1.0 0.0 0.0 0.0 0.0
9 HCT-116 p53 29.8 1.0 1.0 1.0 0.0 0.0 0.0
11 HCC2998 p53 29.8 1.0 1.0 1.0 0.0 0.0 0.0
10 VMRC-MELG p53 29.8 1.0 1.0 0.9998 0.001 0.0 0.0
9 HCT-116 MEK 29.9 1.0 1.0 0.0 0.424333 0.0 0.0
11 HCC2998 MEK 29.9 1.0 1.0 0.0 0.470096 0.0 0.0
10 VMRC-MELG MEK 29.9 1.0 1.0 0.0012 0.41554399999999997 0.0 0.0
13 NCI-H747 Zero 29.8 1.0 1.0 1.0 0.0 0.0 0.0
12 SK-CO-1 Zero 29.8 1.0 1.0 1.0 0.0 0.0 0.0
14 RVH-421 Zero 29.8 1.0 1.0 0.9995999999999999 0.0004 0.0 0.0
13 NCI-H747 BRAF 29.8 1.0000000000000002 1.0000000000000002 0.9819800000000001 0.020225 0.0 0.0
12 SK-CO-1 BRAF 29.8 1.0 1.0 0.95939 0.039045 0.0 0.0
14 RVH-421 BRAF 29.8 1.0 1.0 0.9621890000000001 0.034913 0.0 0.0
13 NCI-H747 PI3K 29.8 1.0 1.0 0.0 1.0 0.0 0.0
12 SK-CO-1 PI3K 29.8 1.0 1.0 0.0 1.0 0.0 0.0
14 RVH-421 PI3K 29.8 1.0 1.0 0.0 1.0 0.0 0.0
13 NCI-H747 p53 29.8 1.0 1.0 1.0 0.0 0.0 0.0
12 SK-CO-1 p53 29.8 1.0 1.0 1.0 0.0 0.0 0.0
14 RVH-421 p53 29.8 1.0 1.0 0.9998 0.001 0.0 0.0
13 NCI-H747 MEK 29.9 0.9999999999999999 0.9999999999999999 0.0004 0.429282 0.0 0.0
12 SK-CO-1 MEK 29.9 1.0 1.0 0.0004 0.423659 0.0 0.0
14 RVH-421 MEK 29.9 1.0 1.0 0.0012 0.41554399999999997 0.0 0.0
15 MZ2-MEL Zero 29.8 1.0 1.0 0.9994000000000001 0.0006 0.0 0.0
16 SNU-175 Zero 29.8 0.9999999999999999 0.9999999999999999 0.9995999999999999 0.0014 0.0 0.0
17 SK-MEL-30 Zero 29.8 1.0 1.0 0.9995999999999999 0.0004 0.0 0.0
15 MZ2-MEL BRAF 29.8 1.0 1.0 1.0 0.0016 0.0 0.0
16 SNU-175 BRAF 29.8 1.000001 1.000001 0.959647 0.033014 0.0 0.0
15 MZ2-MEL PI3K 29.8 1.0 1.0 0.0 1.0 0.0 0.0
17 SK-MEL-30 BRAF 29.8 1.0 1.0 0.9621890000000001 0.034913 0.0 0.0
16 SNU-175 PI3K 29.8 1.0 1.0 0.0 1.0 0.0 0.0
17 SK-MEL-30 PI3K 29.8 1.0 1.0 0.0 1.0 0.0 0.0
15 MZ2-MEL p53 29.8 1.0 1.0 0.9996 0.0006360000000000001 0.0 0.0
16 SNU-175 p53 29.8 1.0 1.0 1.0 0.001 0.0 0.0
17 SK-MEL-30 p53 29.8 1.0 1.0 0.9998 0.001 0.0 0.0
15 MZ2-MEL MEK 29.9 1.0 1.0 0.0004 0.422087 0.0 0.0
18 SH-4 Zero 29.8 1.0 1.0 0.9995999999999999 0.0004 0.0 0.0
17 SK-MEL-30 MEK 29.9 1.0 1.0 0.0012 0.41554399999999997 0.0 0.0
16 SNU-175 MEK 29.9 0.9999999999999999 0.9999999999999999 0.0014 0.419027 0.0 0.0
20 LS-123 Zero 29.8 1.0 1.0 1.0 0.0 0.0 0.0
19 MEL-JUSO Zero 29.8 0.9999999999999999 0.9999999999999999 0.9995999999999999 0.0014 0.0 0.0
18 SH-4 BRAF 29.8 1.0 1.0 0.9621890000000001 0.034913 0.0 0.0
18 SH-4 PI3K 29.8 1.0 1.0 0.0 1.0 0.0 0.0
20 LS-123 BRAF 29.8 1.0000000000000002 1.0000000000000002 0.9819800000000001 0.020225 0.0 0.0
19 MEL-JUSO BRAF 29.8 1.000001 1.000001 0.959647 0.033014 0.0 0.0
20 LS-123 PI3K 29.8 1.0 1.0 0.0 1.0 0.0 0.0
18 SH-4 p53 29.8 1.0 1.0 0.9998 0.001 0.0 0.0
19 MEL-JUSO PI3K 29.8 1.0 1.0 0.0 1.0 0.0 0.0
20 LS-123 p53 29.8 1.0 1.0 1.0 0.0 0.0 0.0
19 MEL-JUSO p53 29.8 1.0 1.0 1.0 0.001 0.0 0.0
18 SH-4 MEK 29.9 1.0 1.0 0.0012 0.41554399999999997 0.0 0.0
20 LS-123 MEK 29.9 0.9999999999999999 0.9999999999999999 0.0004 0.429282 0.0 0.0
21 SW1116 Zero 29.8 1.0 1.0 1.0 0.0 0.0 0.0
19 MEL-JUSO MEK 29.9 0.9999999999999999 0.9999999999999999 0.0014 0.419027 0.0 0.0
22 SNU-1040 Zero 29.8 1.0 1.0 1.0 0.0 0.0 0.0
21 SW1116 BRAF 29.8 1.0 1.0 0.95939 0.039045 0.0 0.0
23 Mewo Zero 29.8 0.9999999999999999 0.9999999999999999 0.9995999999999999 0.0014 0.0 0.0
22 SNU-1040 BRAF 29.8 1.0 1.0 0.979043 0.022053 0.0 0.0
21 SW1116 PI3K 29.8 1.0 1.0 0.0 1.0 0.0 0.0
22 SNU-1040 PI3K 29.8 1.0 1.0 0.0 0.0 0.0 0.0
23 Mewo BRAF 29.8 1.000001 1.000001 0.959647 0.033014 0.0 0.0
21 SW1116 p53 29.8 1.0 1.0 1.0 0.0 0.0 0.0
22 SNU-1040 p53 29.8 1.0 1.0 1.0 0.0 0.0 0.0
23 Mewo PI3K 29.8 1.0 1.0 0.0 1.0 0.0 0.0
22 SNU-1040 MEK 29.9 1.0 1.0 0.0 0.412397 0.0 0.0
23 Mewo p53 29.8 1.0 1.0 1.0 0.001 0.0 0.0
21 SW1116 MEK 29.9 1.0 1.0 0.0004 0.423659 0.0 0.0
24 SNU-61 Zero 29.8 1.0 1.0 1.0 0.0 0.0 0.0
25 KM12 Zero 29.8 1.0 1.0 0.9998 0.0012000000000000001 0.0 0.0
23 Mewo MEK 29.9 0.9999999999999999 0.9999999999999999 0.0014 0.419027 0.0 0.0
24 SNU-61 BRAF 29.8 1.0000000000000002 1.0000000000000002 0.9819800000000001 0.020225 0.0 0.0
25 KM12 BRAF 29.8 1.0 1.0 0.972928 0.019313 0.0 0.0
26 SK-MEL-2 Zero 29.8 1.0 1.0 0.9998 0.0012000000000000001 0.0 0.0
24 SNU-61 PI3K 29.8 1.0 1.0 0.0 1.0 0.0 0.0
25 KM12 PI3K 29.8 1.0 1.0 0.0 1.0 0.0 0.0
24 SNU-61 p53 29.8 1.0 1.0 1.0 0.0 0.0 0.0
26 SK-MEL-2 BRAF 29.8 1.0 1.0 0.972928 0.019313 0.0 0.0
25 KM12 p53 29.8 1.0 1.0 1.0 0.001 0.0 0.0
26 SK-MEL-2 PI3K 29.8 1.0 1.0 0.0 1.0 0.0 0.0
24 SNU-61 MEK 29.9 0.9999999999999999 0.9999999999999999 0.0004 0.429282 0.0 0.0
26 SK-MEL-2 p53 29.8 1.0 1.0 1.0 0.001 0.0 0.0
25 KM12 MEK 29.9 1.0 1.0 0.0012 0.416775 0.0 0.0
27 SK-MEL-24 Zero 29.8 1.0 1.0 0.9995999999999999 0.0004 0.0 0.0
28 HT-144 Zero 29.8 1.0 1.0 0.9995999999999999 0.0004 0.0 0.0
26 SK-MEL-2 MEK 29.9 1.0 1.0 0.0012 0.416775 0.0 0.0
27 SK-MEL-24 BRAF 29.8 1.0 1.0 0.9621890000000001 0.034913 0.0 0.0
28 HT-144 BRAF 29.8 1.0 1.0 0.9621890000000001 0.034913 0.0 0.0
27 SK-MEL-24 PI3K 29.8 1.0 1.0 0.0 1.0 0.0 0.0
29 LS-411N Zero 29.8 1.0 1.0 0.9995999999999999 0.0004 0.0 0.0
28 HT-144 PI3K 29.8 1.0 1.0 0.0 1.0 0.0 0.0
27 SK-MEL-24 p53 29.8 1.0 1.0 0.9998 0.001 0.0 0.0
29 LS-411N BRAF 29.8 1.0 1.0 0.9621890000000001 0.034913 0.0 0.0
28 HT-144 p53 29.8 1.0 1.0 0.9998 0.001 0.0 0.0
29 LS-411N PI3K 29.8 1.0 1.0 0.0 1.0 0.0 0.0
27 SK-MEL-24 MEK 29.9 1.0 1.0 0.0012 0.41554399999999997 0.0 0.0
29 LS-411N p53 29.8 1.0 1.0 0.9998 0.001 0.0 0.0
28 HT-144 MEK 29.9 1.0 1.0 0.0012 0.41554399999999997 0.0 0.0
30 COLO-829 Zero 29.8 1.0 1.0 0.9995999999999999 0.0004 0.0 0.0
31 RKO Zero 29.8 1.0 1.0 1.0 0.0 0.0 0.0
29 LS-411N MEK 29.9 1.0 1.0 0.0012 0.41554399999999997 0.0 0.0
30 COLO-829 BRAF 29.8 1.0 1.0 0.9621890000000001 0.034913 0.0 0.0
31 RKO BRAF 29.8 1.0 1.0 0.966217 0.034012 0.0 0.0
30 COLO-829 PI3K 29.8 1.0 1.0 0.0 1.0 0.0 0.0
32 SNU-C5 Zero 29.8 1.0 1.0 1.0 0.0 0.0 0.0
31 RKO PI3K 29.8 1.0 1.0 0.0 1.0 0.0 0.0
30 COLO-829 p53 29.8 1.0 1.0 0.9998 0.001 0.0 0.0
32 SNU-C5 BRAF 29.8 0.9999989999999999 0.9999989999999999 0.9812529999999999 0.026152 0.0 0.0
31 RKO p53 29.8 1.0 1.0 1.0 0.0 0.0 0.0
32 SNU-C5 PI3K 29.8 1.0 1.0 0.0 1.0 0.0 0.0
30 COLO-829 MEK 29.9 1.0 1.0 0.0012 0.41554399999999997 0.0 0.0
32 SNU-C5 p53 29.8 1.0 1.0 1.0 0.0 0.0 0.0
31 RKO MEK 29.9 1.0 1.0 0.0002 0.41330199999999995 0.0002 0.0
33 SNU-81 Zero 29.8 1.0 1.0 1.0 0.0 0.0 0.0
34 C2BBe1 Zero 29.8 0.9999999999999999 0.9999999999999999 0.9995999999999999 0.0014 0.0 0.0
32 SNU-C5 MEK 29.9 1.0 1.0 0.0002 0.41354 0.0 0.0
33 SNU-81 BRAF 29.8 1.0 1.0 0.955756 0.040737999999999996 0.0 0.0
35 COLO-800 Zero 29.8 1.0 1.0 1.0 0.0012 0.0 0.0
34 C2BBe1 BRAF 29.8 1.000001 1.000001 0.959647 0.033014 0.0 0.0
33 SNU-81 PI3K 29.8 1.0 1.0 0.0 1.0 0.0 0.0
34 C2BBe1 PI3K 29.8 1.0 1.0 0.0 1.0 0.0 0.0
35 COLO-800 BRAF 29.8 0.9999999999999999 0.9999999999999999 0.9795149999999999 0.024106 0.0 0.0
33 SNU-81 p53 29.8 1.0 1.0 1.0 0.0 0.0 0.0
35 COLO-800 PI3K 29.8 1.0 1.0 0.0 1.0 0.0 0.0
34 C2BBe1 p53 29.8 1.0 1.0 1.0 0.001 0.0 0.0
35 COLO-800 p53 29.8 1.0 1.0 0.9998 0.001 0.0 0.0
33 SNU-81 MEK 29.9 1.0 1.0 0.0 0.415701 0.0 0.0
34 C2BBe1 MEK 29.9 0.9999999999999999 0.9999999999999999 0.0014 0.419027 0.0 0.0
36 Hs-940-T Zero 29.8 0.9999999999999999 0.9999999999999999 0.9995999999999999 0.0014 0.0 0.0
35 COLO-800 MEK 29.9 1.0 1.0 0.0006000000000000001 0.43401 0.0 0.0
37 CL-40 Zero 29.8 1.0 1.0 1.0 0.0 0.0 0.0
36 Hs-940-T BRAF 29.8 1.000001 1.000001 0.959647 0.033014 0.0 0.0
38 WM793B Zero 29.8 1.0 1.0 0.9995999999999999 0.0004 0.0 0.0
37 CL-40 BRAF 29.8 1.0000000000000002 1.0000000000000002 0.9819800000000001 0.020225 0.0 0.0
36 Hs-940-T PI3K 29.8 1.0 1.0 0.0 1.0 0.0 0.0
37 CL-40 PI3K 29.8 1.0 1.0 0.0 1.0 0.0 0.0
38 WM793B BRAF 29.8 1.0 1.0 0.9621890000000001 0.034913 0.0 0.0
36 Hs-940-T p53 29.8 1.0 1.0 1.0 0.001 0.0 0.0
37 CL-40 p53 29.8 1.0 1.0 1.0 0.0 0.0 0.0
38 WM793B PI3K 29.8 1.0 1.0 0.0 1.0 0.0 0.0
38 WM793B p53 29.8 1.0 1.0 0.9998 0.001 0.0 0.0
36 Hs-940-T MEK 29.9 0.9999999999999999 0.9999999999999999 0.0014 0.419027 0.0 0.0
37 CL-40 MEK 29.9 0.9999999999999999 0.9999999999999999 0.0004 0.429282 0.0 0.0
39 LOXIMVI Zero 29.8 1.0 1.0 0.9995999999999999 0.0004 0.0 0.0
40 GAK Zero 29.8 0.9999999999999999 0.9999999999999999 0.9995999999999999 0.0014 0.0 0.0
38 WM793B MEK 29.9 1.0 1.0 0.0012 0.41554399999999997 0.0 0.0
39 LOXIMVI BRAF 29.8 1.0 1.0 0.9621890000000001 0.034913 0.0 0.0
41 SK-MEL-31 Zero 29.8 1.0 1.0 0.9995999999999999 0.0004 0.0 0.0
40 GAK BRAF 29.8 1.000001 1.000001 0.959647 0.033014 0.0 0.0
39 LOXIMVI PI3K 29.8 1.0 1.0 0.0 1.0 0.0 0.0
40 GAK PI3K 29.8 1.0 1.0 0.0 1.0 0.0 0.0
41 SK-MEL-31 BRAF 29.8 1.0 1.0 0.9621890000000001 0.034913 0.0 0.0
39 LOXIMVI p53 29.8 1.0 1.0 0.9998 0.001 0.0 0.0
41 SK-MEL-31 PI3K 29.8 1.0 1.0 0.0 1.0 0.0 0.0
40 GAK p53 29.8 1.0 1.0 1.0 0.001 0.0 0.0
41 SK-MEL-31 p53 29.8 1.0 1.0 0.9998 0.001 0.0 0.0
39 LOXIMVI MEK 29.9 1.0 1.0 0.0012 0.41554399999999997 0.0 0.0
40 GAK MEK 29.9 0.9999999999999999 0.9999999999999999 0.0014 0.419027 0.0 0.0
42 SW1463 Zero 29.8 1.0 1.0 1.0 0.0 0.0 0.0
41 SK-MEL-31 MEK 29.9 1.0 1.0 0.0012 0.41554399999999997 0.0 0.0
43 LB2518-MEL Zero 29.8 0.9999999999999999 0.9999999999999999 0.9995999999999999 0.0014 0.0 0.0
42 SW1463 BRAF 29.8 1.0000000000000002 1.0000000000000002 0.9819800000000001 0.020225 0.0 0.0
44 C32 Zero 29.8 1.0 1.0 0.9995999999999999 0.0004 0.0 0.0
42 SW1463 PI3K 29.8 1.0 1.0 0.0 1.0 0.0 0.0
43 LB2518-MEL BRAF 29.8 1.000001 1.000001 0.959647 0.033014 0.0 0.0
44 C32 BRAF 29.8 1.0 1.0 0.9621890000000001 0.034913 0.0 0.0
43 LB2518-MEL PI3K 29.8 1.0 1.0 0.0 1.0 0.0 0.0
42 SW1463 p53 29.8 1.0 1.0 1.0 0.0 0.0 0.0
44 C32 PI3K 29.8 1.0 1.0 0.0 1.0 0.0 0.0
43 LB2518-MEL p53 29.8 1.0 1.0 1.0 0.001 0.0 0.0
42 SW1463 MEK 29.9 0.9999999999999999 0.9999999999999999 0.0004 0.429282 0.0 0.0
44 C32 p53 29.8 1.0 1.0 0.9998 0.001 0.0 0.0
45 Hs-939-T Zero 29.8 1.0 1.0 0.9995999999999999 0.0004 0.0 0.0
43 LB2518-MEL MEK 29.9 0.9999999999999999 0.9999999999999999 0.0014 0.419027 0.0 0.0
44 C32 MEK 29.9 1.0 1.0 0.0012 0.41554399999999997 0.0 0.0
46 A375 Zero 29.8 1.0 1.0 0.9995999999999999 0.0004 0.0 0.0
45 Hs-939-T BRAF 29.8 1.0 1.0 0.9621890000000001 0.034913 0.0 0.0
47 SW948 Zero 29.8 1.0 1.0 1.0 0.0 0.0 0.0
45 Hs-939-T PI3K 29.8 1.0 1.0 0.0 1.0 0.0 0.0
46 A375 BRAF 29.8 1.0 1.0 0.9621890000000001 0.034913 0.0 0.0
45 Hs-939-T p53 29.8 1.0 1.0 0.9998 0.001 0.0 0.0
47 SW948 BRAF 29.8 0.999999 0.999999 0.959215 0.032172 0.0 0.0
46 A375 PI3K 29.8 1.0 1.0 0.0 1.0 0.0 0.0
47 SW948 PI3K 29.8 1.0 1.0 0.0 1.0 0.0 0.0
46 A375 p53 29.8 1.0 1.0 0.9998 0.001 0.0 0.0
45 Hs-939-T MEK 29.9 1.0 1.0 0.0012 0.41554399999999997 0.0 0.0
47 SW948 p53 29.8 1.0 1.0 1.0 0.0 0.0 0.0
48 COLO-783 Zero 29.8 1.0 1.0 0.9995999999999999 0.0004 0.0 0.0
46 A375 MEK 29.9 1.0 1.0 0.0012 0.41554399999999997 0.0 0.0
47 SW948 MEK 29.9 1.0 1.0 0.0 0.424333 0.0 0.0
49 IGR-37 Zero 29.8 1.0 1.0 0.9995999999999999 0.0004 0.0 0.0
48 COLO-783 BRAF 29.8 1.0 1.0 0.9621890000000001 0.034913 0.0 0.0
50 MDST8 Zero 29.8 1.0 1.0 0.9995999999999999 0.0004 0.0 0.0
48 COLO-783 PI3K 29.8 1.0 1.0 0.0 1.0 0.0 0.0
49 IGR-37 BRAF 29.8 1.0 1.0 0.9621890000000001 0.034913 0.0 0.0
50 MDST8 BRAF 29.8 1.0 1.0 0.9621890000000001 0.034913 0.0 0.0
48 COLO-783 p53 29.8 1.0 1.0 0.9998 0.001 0.0 0.0
49 IGR-37 PI3K 29.8 1.0 1.0 0.0 1.0 0.0 0.0
50 MDST8 PI3K 29.8 1.0 1.0 0.0 1.0 0.0 0.0
49 IGR-37 p53 29.8 1.0 1.0 0.9998 0.001 0.0 0.0
50 MDST8 p53 29.8 1.0 1.0 0.9998 0.001 0.0 0.0
48 COLO-783 MEK 29.9 1.0 1.0 0.0012 0.41554399999999997 0.0 0.0
51 CL-11 Zero 29.8 1.0 1.0 1.0 0.0 0.0 0.0
49 IGR-37 MEK 29.9 1.0 1.0 0.0012 0.41554399999999997 0.0 0.0
50 MDST8 MEK 29.9 1.0 1.0 0.0012 0.41554399999999997 0.0 0.0
52 HT-29 Zero 29.8 1.0 1.0 1.0 0.0 0.0 0.0
51 CL-11 BRAF 29.8 1.0 1.0 0.95939 0.039045 0.0 0.0
53 NCI-H508 Zero 29.8 1.0 1.0 1.0 0.0 0.0 0.0
51 CL-11 PI3K 29.8 1.0 1.0 0.0 1.0 0.0 0.0
52 HT-29 BRAF 29.8 0.9999989999999999 0.9999989999999999 0.9812529999999999 0.026152 0.0 0.0
53 NCI-H508 BRAF 29.8 0.9999989999999999 0.9999989999999999 0.9812529999999999 0.026152 0.0 0.0
51 CL-11 p53 29.8 1.0 1.0 1.0 0.0 0.0 0.0
52 HT-29 PI3K 29.8 1.0 1.0 0.0 1.0 0.0 0.0
53 NCI-H508 PI3K 29.8 1.0 1.0 0.0 1.0 0.0 0.0
52 HT-29 p53 29.8 1.0 1.0 1.0 0.0 0.0 0.0
53 NCI-H508 p53 29.8 1.0 1.0 1.0 0.0 0.0 0.0
51 CL-11 MEK 29.9 1.0 1.0 0.0004 0.423659 0.0 0.0
52 HT-29 MEK 29.9 1.0 1.0 0.0002 0.41354 0.0 0.0
54 RCM-1 Zero 29.8 1.0 1.0 1.0 0.0 0.0 0.0
53 NCI-H508 MEK 29.9 1.0 1.0 0.0002 0.41354 0.0 0.0
55 G-MEL Zero 29.8 1.0 1.0 0.9995999999999999 0.0004 0.0 0.0
54 RCM-1 BRAF 29.8 1.0 1.0 0.95939 0.039045 0.0 0.0
56 LoVo Zero 29.8 1.0 1.0 1.0 0.0 0.0 0.0
54 RCM-1 PI3K 29.8 1.0 1.0 0.0 1.0 0.0 0.0
55 G-MEL BRAF 29.8 1.0 1.0 0.9621890000000001 0.034913 0.0 0.0
56 LoVo BRAF 29.8 1.0 1.0 0.95939 0.039045 0.0 0.0
54 RCM-1 p53 29.8 1.0 1.0 1.0 0.0 0.0 0.0
55 G-MEL PI3K 29.8 1.0 1.0 0.0 1.0 0.0 0.0
56 LoVo PI3K 29.8 1.0 1.0 0.0 1.0 0.0 0.0
55 G-MEL p53 29.8 1.0 1.0 0.9998 0.001 0.0 0.0
56 LoVo p53 29.8 1.0 1.0 1.0 0.0 0.0 0.0
54 RCM-1 MEK 29.9 1.0 1.0 0.0004 0.423659 0.0 0.0
57 SNU-C2B Zero 29.8 1.0 1.0 1.0 0.0 0.0 0.0
55 G-MEL MEK 29.9 1.0 1.0 0.0012 0.41554399999999997 0.0 0.0
56 LoVo MEK 29.9 1.0 1.0 0.0004 0.423659 0.0 0.0
58 COLO-205 Zero 29.8 1.0 1.0 0.9995999999999999 0.0004 0.0 0.0
57 SNU-C2B BRAF 29.8 0.999999 0.999999 0.982003 0.020966 0.0 0.0
59 CaR-1 Zero 29.8 1.0 1.0 0.9998 0.0012000000000000001 0.0 0.0
57 SNU-C2B PI3K 29.8 1.0 1.0 0.0 1.0 0.0 0.0
58 COLO-205 BRAF 29.8 1.0 1.0 0.9621890000000001 0.034913 0.0 0.0
59 CaR-1 BRAF 29.8 1.0 1.0 0.972928 0.019313 0.0 0.0
57 SNU-C2B p53 29.8 1.0 1.0 1.0 0.0 0.0 0.0
58 COLO-205 PI3K 29.8 1.0 1.0 0.0 1.0 0.0 0.0
59 CaR-1 PI3K 29.8 1.0 1.0 0.0 1.0 0.0 0.0
58 COLO-205 p53 29.8 1.0 1.0 0.9998 0.001 0.0 0.0
57 SNU-C2B MEK 29.9 1.0 1.0 0.0002 0.420258 0.0 0.0
59 CaR-1 p53 29.8 1.0 1.0 1.0 0.001 0.0 0.0
60 COLO-679 Zero 29.8 1.0 1.0 0.9995999999999999 0.0004 0.0 0.0
58 COLO-205 MEK 29.9 1.0 1.0 0.0012 0.41554399999999997 0.0 0.0
59 CaR-1 MEK 29.9 1.0 1.0 0.0012 0.416775 0.0 0.0
60 COLO-679 BRAF 29.8 1.0 1.0 0.9621890000000001 0.034913 0.0 0.0
61 CHL-1 Zero 29.8 1.0 1.0 0.9998 0.0012000000000000001 0.0 0.0
62 HT55 Zero 29.8 1.0 1.0 0.9995999999999999 0.0004 0.0 0.0
60 COLO-679 PI3K 29.8 1.0 1.0 0.0 1.0 0.0 0.0
61 CHL-1 BRAF 29.8 1.0 1.0 0.972928 0.019313 0.0 0.0
60 COLO-679 p53 29.8 1.0 1.0 0.9998 0.001 0.0 0.0
62 HT55 BRAF 29.8 1.0 1.0 0.9621890000000001 0.034913 0.0 0.0
61 CHL-1 PI3K 29.8 1.0 1.0 0.0 1.0 0.0 0.0
62 HT55 PI3K 29.8 1.0 1.0 0.0 1.0 0.0 0.0
61 CHL-1 p53 29.8 1.0 1.0 1.0 0.001 0.0 0.0
60 COLO-679 MEK 29.9 1.0 1.0 0.0012 0.41554399999999997 0.0 0.0
62 HT55 p53 29.8 1.0 1.0 0.9998 0.001 0.0 0.0
63 T84 Zero 29.8 1.0 1.0 1.0 0.0 0.0 0.0
61 CHL-1 MEK 29.9 1.0 1.0 0.0012 0.416775 0.0 0.0
62 HT55 MEK 29.9 1.0 1.0 0.0012 0.41554399999999997 0.0 0.0
63 T84 BRAF 29.8 0.999999 0.999999 0.959215 0.032172 0.0 0.0
64 RPMI-7951 Zero 29.8 1.0 1.0 0.9995999999999999 0.0004 0.0 0.0
65 MZ7-mel Zero 29.8 1.0 1.0 0.9996 0.0012000000000000001 0.0 0.0
63 T84 PI3K 29.8 1.0 1.0 0.0 1.0 0.0 0.0
64 RPMI-7951 BRAF 29.8 1.0 1.0 0.9621890000000001 0.034913 0.0 0.0
65 MZ7-mel BRAF 29.8 0.999999 0.999999 0.9714649999999999 0.033683 0.0 0.0
63 T84 p53 29.8 1.0 1.0 1.0 0.0 0.0 0.0
64 RPMI-7951 PI3K 29.8 1.0 1.0 0.0 1.0 0.0 0.0
65 MZ7-mel PI3K 29.8 1.0 1.0 0.0 1.0 0.0 0.0
64 RPMI-7951 p53 29.8 1.0 1.0 0.9998 0.001 0.0 0.0
65 MZ7-mel p53 29.8 1.0 1.0 1.0 0.0008 0.0 0.0
63 T84 MEK 29.9 1.0 1.0 0.0 0.424333 0.0 0.0
66 CP50-MEL-B Zero 29.8 1.0 1.0 0.9995999999999999 0.0004 0.0 0.0
64 RPMI-7951 MEK 29.9 1.0 1.0 0.0012 0.41554399999999997 0.0 0.0
65 MZ7-mel MEK 29.9 1.0000000000000002 0.9998000000000001 0.0012 0.470598 0.0 0.0
66 CP50-MEL-B BRAF 29.8 1.0 1.0 0.9621890000000001 0.034913 0.0 0.0
67 SW837 Zero 29.8 1.0 1.0 1.0 0.0 0.0 0.0
68 COLO-678 Zero 29.8 1.0 1.0 1.0 0.0 0.0 0.0
66 CP50-MEL-B PI3K 29.8 1.0 1.0 0.0 1.0 0.0 0.0
67 SW837 BRAF 29.8 1.0000000000000002 1.0000000000000002 0.9819800000000001 0.020225 0.0 0.0
68 COLO-678 BRAF 29.8 1.0 1.0 0.95939 0.039045 0.0 0.0
66 CP50-MEL-B p53 29.8 1.0 1.0 0.9998 0.001 0.0 0.0
67 SW837 PI3K 29.8 1.0 1.0 0.0 1.0 0.0 0.0
68 COLO-678 PI3K 29.8 1.0 1.0 0.0 1.0 0.0 0.0
67 SW837 p53 29.8 1.0 1.0 1.0 0.0 0.0 0.0
68 COLO-678 p53 29.8 1.0 1.0 1.0 0.0 0.0 0.0
66 CP50-MEL-B MEK 29.9 1.0 1.0 0.0012 0.41554399999999997 0.0 0.0
69 CCK-81 Zero 29.8 1.0 1.0 1.0 0.0 0.0 0.0
67 SW837 MEK 29.9 0.9999999999999999 0.9999999999999999 0.0004 0.429282 0.0 0.0
68 COLO-678 MEK 29.9 1.0 1.0 0.0004 0.423659 0.0 0.0
70 MMAc-SF Zero 29.8 1.0 1.0 0.9995999999999999 0.0004 0.0 0.0
69 CCK-81 BRAF 29.8 1.0 1.0 0.958521 0.038635 0.0 0.0
71 COLO-792 Zero 29.8 0.9999999999999999 0.9999999999999999 0.9995999999999999 0.0014 0.0 0.0
69 CCK-81 PI3K 29.8 1.0 1.0 0.0 1.0 0.0002 0.0
70 MMAc-SF BRAF 29.8 1.0 1.0 0.9621890000000001 0.034913 0.0 0.0
71 COLO-792 BRAF 29.8 1.000001 1.000001 0.959647 0.033014 0.0 0.0
69 CCK-81 p53 29.8 1.0 1.0 1.0 0.0002 0.0 0.0
70 MMAc-SF PI3K 29.8 1.0 1.0 0.0 1.0 0.0 0.0
71 COLO-792 PI3K 29.8 1.0 1.0 0.0 1.0 0.0 0.0
70 MMAc-SF p53 29.8 1.0 1.0 0.9998 0.001 0.0 0.0
69 CCK-81 MEK 29.9 1.0 1.0 0.0002 0.42901 0.0 0.0
71 COLO-792 p53 29.8 1.0 1.0 1.0 0.001 0.0 0.0
70 MMAc-SF MEK 29.9 1.0 1.0 0.0012 0.41554399999999997 0.0 0.0
72 CW-2 Zero 29.8 1.0 1.0 1.0 0.0 0.0 0.0
71 COLO-792 MEK 29.9 0.9999999999999999 0.9999999999999999 0.0014 0.419027 0.0 0.0
73 SK-MEL-5 Zero 29.8 1.0 1.0 1.0 0.0 0.0 0.0
72 CW-2 BRAF 29.8 1.0 1.0 0.959422 0.034488000000000005 0.0 0.0
74 HMV-II Zero 29.8 1.0 1.0 0.9995999999999999 0.0004 0.0 0.0
72 CW-2 PI3K 29.8 1.0 1.0 0.0 1.0 0.0 0.0
73 SK-MEL-5 BRAF 29.8 0.999999 0.999999 0.958379 0.036661 0.0 0.0
74 HMV-II BRAF 29.8 1.0 1.0 0.9621890000000001 0.034913 0.0 0.0
72 CW-2 p53 29.8 1.0 1.0 1.0 0.0002 0.0 0.0
73 SK-MEL-5 PI3K 29.8 1.0 1.0 0.0 1.0 0.0 0.0
74 HMV-II PI3K 29.8 1.0 1.0 0.0 1.0 0.0 0.0
73 SK-MEL-5 p53 29.8 1.0 1.0 0.9998 0.0002 0.0 0.0
72 CW-2 MEK 29.9 1.0 1.0 0.0007999999999999999 0.429767 0.0 0.0
74 HMV-II p53 29.8 1.0 1.0 0.9998 0.001 0.0 0.0
73 SK-MEL-5 MEK 29.9 1.0 1.0 0.0006 0.419502 0.0 0.0
75 COLO-320-HSR Zero 29.8 1.0 1.0 0.9998 0.0012000000000000001 0.0 0.0
74 HMV-II MEK 29.9 1.0 1.0 0.0012 0.41554399999999997 0.0 0.0
76 SK-MEL-3 Zero 29.8 1.0 1.0 0.9995999999999999 0.0004 0.0 0.0
75 COLO-320-HSR BRAF 29.8 1.0 1.0 0.972928 0.019313 0.0 0.0
77 CL-34 Zero 29.8 1.0 1.0 0.9995999999999999 0.0004 0.0 0.0
75 COLO-320-HSR PI3K 29.8 1.0 1.0 0.0 1.0 0.0 0.0
76 SK-MEL-3 BRAF 29.8 1.0 1.0 0.9621890000000001 0.034913 0.0 0.0
76 SK-MEL-3 PI3K 29.8 1.0 1.0 0.0 1.0 0.0 0.0
75 COLO-320-HSR p53 29.8 1.0 1.0 1.0 0.001 0.0 0.0
77 CL-34 BRAF 29.8 1.0 1.0 0.9621890000000001 0.034913 0.0 0.0
76 SK-MEL-3 p53 29.8 1.0 1.0 0.9998 0.001 0.0 0.0
77 CL-34 PI3K 29.8 1.0 1.0 0.0 1.0 0.0 0.0
75 COLO-320-HSR MEK 29.9 1.0 1.0 0.0012 0.416775 0.0 0.0
77 CL-34 p53 29.8 1.0 1.0 0.9998 0.001 0.0 0.0
76 SK-MEL-3 MEK 29.9 1.0 1.0 0.0012 0.41554399999999997 0.0 0.0
78 SW1417 Zero 29.8 1.0 1.0 0.9995999999999999 0.0004 0.0 0.0
79 WM-115 Zero 29.8 1.0 1.0 0.9995999999999999 0.0004 0.0 0.0
77 CL-34 MEK 29.9 1.0 1.0 0.0012 0.41554399999999997 0.0 0.0
78 SW1417 BRAF 29.8 1.0 1.0 0.9621890000000001 0.034913 0.0 0.0
80 WM35 Zero 29.8 1.0 1.0 0.9995999999999999 0.0004 0.0 0.0
78 SW1417 PI3K 29.8 1.0 1.0 0.0 1.0 0.0 0.0
79 WM-115 BRAF 29.8 1.0 1.0 0.9621890000000001 0.034913 0.0 0.0
79 WM-115 PI3K 29.8 1.0 1.0 0.0 1.0 0.0 0.0
78 SW1417 p53 29.8 1.0 1.0 0.9998 0.001 0.0 0.0
80 WM35 BRAF 29.8 1.0 1.0 0.9621890000000001 0.034913 0.0 0.0
79 WM-115 p53 29.8 1.0 1.0 0.9998 0.001 0.0 0.0
80 WM35 PI3K 29.8 1.0 1.0 0.0 1.0 0.0 0.0
78 SW1417 MEK 29.9 1.0 1.0 0.0012 0.41554399999999997 0.0 0.0
80 WM35 p53 29.8 1.0 1.0 0.9998 0.001 0.0 0.0
79 WM-115 MEK 29.9 1.0 1.0 0.0012 0.41554399999999997 0.0 0.0
81 MEL-HO Zero 29.8 1.0 1.0 0.9995999999999999 0.0004 0.0 0.0
82 M14 Zero 29.8 1.0 1.0 1.0 0.0012 0.0 0.0
80 WM35 MEK 29.9 1.0 1.0 0.0012 0.41554399999999997 0.0 0.0
81 MEL-HO BRAF 29.8 1.0 1.0 0.9621890000000001 0.034913 0.0 0.0
83 IPC-298 Zero 29.8 0.9999999999999999 0.9999999999999999 0.9995999999999999 0.0014 0.0 0.0
81 MEL-HO PI3K 29.8 1.0 1.0 0.0 1.0 0.0 0.0
82 M14 BRAF 29.8 0.9999999999999999 0.9999999999999999 0.9795149999999999 0.024106 0.0 0.0
82 M14 PI3K 29.8 1.0 1.0 0.0 1.0 0.0 0.0
81 MEL-HO p53 29.8 1.0 1.0 0.9998 0.001 0.0 0.0
83 IPC-298 BRAF 29.8 1.000001 1.000001 0.959647 0.033014 0.0 0.0
82 M14 p53 29.8 1.0 1.0 0.9998 0.001 0.0 0.0
83 IPC-298 PI3K 29.8 1.0 1.0 0.0 1.0 0.0 0.0
81 MEL-HO MEK 29.9 1.0 1.0 0.0012 0.41554399999999997 0.0 0.0
83 IPC-298 p53 29.8 1.0 1.0 1.0 0.001 0.0 0.0
82 M14 MEK 29.9 1.0 1.0 0.0006000000000000001 0.43401 0.0 0.0
84 UACC-62 Zero 29.8 1.0 1.0 0.9995999999999999 0.0004 0.0 0.0
85 A2058 Zero 29.8 1.0 1.0 0.9998 0.0008 0.0 0.0
83 IPC-298 MEK 29.9 0.9999999999999999 0.9999999999999999 0.0014 0.419027 0.0 0.0
84 UACC-62 BRAF 29.8 1.0 1.0 0.9621890000000001 0.034913 0.0 0.0
85 A2058 BRAF 29.8 1.0 1.0 0.9998 0.001 0.0 0.0
84 UACC-62 PI3K 29.8 1.0 1.0 0.0 1.0 0.0 0.0
86 SK-MEL-1 Zero 29.8 1.0 1.0 1.0 0.0004 0.0 0.0
85 A2058 PI3K 29.8 1.0 1.0 0.0 1.0 0.0 0.0
84 UACC-62 p53 29.8 1.0 1.0 0.9998 0.001 0.0 0.0
85 A2058 p53 29.8 1.0 1.0 0.9996 0.0006360000000000001 0.0 0.0
86 SK-MEL-1 BRAF 29.8 0.999999 0.999999 0.959527 0.031253 0.0 0.0
86 SK-MEL-1 PI3K 29.8 1.0 1.0 0.0 1.0 0.0 0.0
84 UACC-62 MEK 29.9 1.0 1.0 0.0012 0.41554399999999997 0.0 0.0
85 A2058 MEK 29.9 1.0 1.0 0.0006 0.425534 0.0 0.0
86 SK-MEL-1 p53 29.8 1.0 1.0 1.0 0.001 0.0 0.0
88 LS1034 Zero 29.8 1.0 1.0 1.0 0.0 0.0 0.0
87 SNU-C1 Zero 29.8 1.0 1.0 0.999429 0.000883 0.0 0.0
87 SNU-C1 BRAF 29.8 1.0 1.0 0.999 0.001 0.0 0.0
86 SK-MEL-1 MEK 29.9 1.000001 1.000001 0.000172 0.423046 0.0 0.0
88 LS1034 BRAF 29.8 1.0000000000000002 1.0000000000000002 0.9819800000000001 0.020225 0.0 0.0
87 SNU-C1 PI3K 29.8 1.0 1.0 0.0 1.0 0.0 0.0
88 LS1034 PI3K 29.8 1.0 1.0 0.0 1.0 0.0 0.0
89 A101D Zero 29.8 1.0 1.0 0.9995999999999999 0.0004 0.0 0.0
87 SNU-C1 p53 29.8 0.9999999999999999 0.9999999999999999 0.9995999999999999 0.0015999999999999999 0.0 0.0
88 LS1034 p53 29.8 1.0 1.0 1.0 0.0 0.0 0.0
89 A101D BRAF 29.8 1.0 1.0 0.9621890000000001 0.034913 0.0 0.0
89 A101D PI3K 29.8 1.0 1.0 0.0 1.0 0.0 0.0
87 SNU-C1 MEK 29.9 1.0 1.0 0.0006 0.40890099999999996 0.0002 0.0002
88 LS1034 MEK 29.9 0.9999999999999999 0.9999999999999999 0.0004 0.429282 0.0 0.0
89 A101D p53 29.8 1.0 1.0 0.9998 0.001 0.0 0.0
90 SW626 Zero 29.8 1.0 1.0 1.0 0.0 0.0 0.0
91 IGR-1 Zero 29.8 1.0 1.0 0.9994 0.0012 0.0 0.0
89 A101D MEK 29.9 1.0 1.0 0.0012 0.41554399999999997 0.0 0.0
90 SW626 BRAF 29.8 1.0 1.0 0.95939 0.039045 0.0 0.0
91 IGR-1 BRAF 29.8 0.9999999999999999 0.9999999999999999 0.9641639999999999 0.034255 0.0 0.0
90 SW626 PI3K 29.8 1.0 1.0 0.0 1.0 0.0 0.0
91 IGR-1 PI3K 29.8 1.0 1.0 0.0 1.0 0.0 0.0
92 SNU-407 Zero 29.8 1.0 1.0 1.0 0.0 0.0 0.0
90 SW626 p53 29.8 1.0 1.0 1.0 0.0 0.0 0.0
91 IGR-1 p53 29.8 1.0 1.0 0.999777 0.0018219999999999998 0.0 0.0
92 SNU-407 BRAF 29.8 1.000001 1.000001 0.9590029999999999 0.037323999999999996 0.0 0.0
92 SNU-407 PI3K 29.8 1.0 1.0 0.0 1.0 0.0 0.0
90 SW626 MEK 29.9 1.0 1.0 0.0004 0.423659 0.0 0.0
91 IGR-1 MEK 29.9 0.9999999999999999 0.9999999999999999 0.001 0.42304899999999995 0.0 0.0
92 SNU-407 p53 29.8 1.0 1.0 1.0 0.0 0.0 0.0
94 IST-MEL1 Zero 29.8 1.0 1.0 1.0 0.0012 0.0 0.0
93 WT Zero 29.8 0.9999999999999999 0.9999999999999999 0.9995999999999999 0.0014 0.0 0.0
92 SNU-407 MEK 29.9 1.0 1.0 0.0 0.405069 0.0 0.0
94 IST-MEL1 BRAF 29.8 0.9999999999999999 0.9999999999999999 0.9795149999999999 0.024106 0.0 0.0
93 WT BRAF 29.8 1.000001 1.000001 0.959647 0.033014 0.0 0.0
95 GP5d Zero 29.8 1.0 1.0 1.0 0.0 0.0 0.0
94 IST-MEL1 PI3K 29.8 1.0 1.0 0.0 1.0 0.0 0.0
93 WT PI3K 29.8 1.0 1.0 0.0 1.0 0.0 0.0
94 IST-MEL1 p53 29.8 1.0 1.0 0.9998 0.001 0.0 0.0
95 GP5d BRAF 29.8 0.999999 0.999999 0.959215 0.032172 0.0 0.0
93 WT p53 29.8 1.0 1.0 1.0 0.001 0.0 0.0
95 GP5d PI3K 29.8 1.0 1.0 0.0 1.0 0.0 0.0
94 IST-MEL1 MEK 29.9 1.0 1.0 0.0006000000000000001 0.43401 0.0 0.0
95 GP5d p53 29.8 1.0 1.0 1.0 0.0 0.0 0.0
93 WT MEK 29.9 0.9999999999999999 0.9999999999999999 0.0014 0.419027 0.0 0.0
96 LB373-MEL-D Zero 29.8 0.9999999999999999 0.9999999999999999 0.9995999999999999 0.0014 0.0 0.0
97 WM278 Zero 29.8 1.0 1.0 0.9995999999999999 0.0004 0.0 0.0
95 GP5d MEK 29.9 1.0 1.0 0.0 0.424333 0.0 0.0
96 LB373-MEL-D BRAF 29.8 1.000001 1.000001 0.959647 0.033014 0.0 0.0
97 WM278 BRAF 29.8 1.0 1.0 0.9621890000000001 0.034913 0.0 0.0
98 K2 Zero 29.8 1.0 1.0 0.9995999999999999 0.0004 0.0 0.0
96 LB373-MEL-D PI3K 29.8 1.0 1.0 0.0 1.0 0.0 0.0
97 WM278 PI3K 29.8 1.0 1.0 0.0 1.0 0.0 0.0
96 LB373-MEL-D p53 29.8 1.0 1.0 1.0 0.001 0.0 0.0
98 K2 BRAF 29.8 1.0 1.0 0.9621890000000001 0.034913 0.0 0.0
97 WM278 p53 29.8 1.0 1.0 0.9998 0.001 0.0 0.0
98 K2 PI3K 29.8 1.0 1.0 0.0 1.0 0.0 0.0
98 K2 p53 29.8 1.0 1.0 0.9998 0.001 0.0 0.0
96 LB373-MEL-D MEK 29.9 0.9999999999999999 0.9999999999999999 0.0014 0.419027 0.0 0.0
97 WM278 MEK 29.9 1.0 1.0 0.0012 0.41554399999999997 0.0 0.0
99 HCT-15 Zero 29.8 1.0 1.0 1.0 0.0 0.0 0.0
100 WM1552C Zero 29.8 1.0 1.0 1.0 0.0012 0.0 0.0
98 K2 MEK 29.9 1.0 1.0 0.0012 0.41554399999999997 0.0 0.0
99 HCT-15 BRAF 29.8 1.0 1.0 0.980271 0.017171 0.0 0.0
100 WM1552C BRAF 29.8 0.9999999999999999 0.9999999999999999 0.9795149999999999 0.024106 0.0 0.0
101 451Lu Zero 29.8 1.0 1.0 1.0 0.0012 0.0 0.0
99 HCT-15 PI3K 29.8 1.0 0.9998 0.0 1.0 0.0 0.0
100 WM1552C PI3K 29.8 1.0 1.0 0.0 1.0 0.0 0.0
99 HCT-15 p53 29.8 1.0 1.0 1.0 0.0 0.0 0.0
101 451Lu BRAF 29.8 0.9999999999999999 0.9999999999999999 0.9795149999999999 0.024106 0.0 0.0
100 WM1552C p53 29.8 1.0 1.0 0.9998 0.001 0.0 0.0
101 451Lu PI3K 29.8 1.0 1.0 0.0 1.0 0.0 0.0
99 HCT-15 MEK 29.9 1.0 1.0 0.0 0.422833 0.0 0.0
101 451Lu p53 29.8 1.0 1.0 0.9998 0.001 0.0 0.0
100 WM1552C MEK 29.9 1.0 1.0 0.0006000000000000001 0.43401 0.0 0.0
102 SK-MEL-28 Zero 29.8 1.0 1.0 1.0 0.0 0.0 0.0
101 451Lu MEK 29.9 1.0 1.0 0.0006000000000000001 0.43401 0.0 0.0
102 SK-MEL-28 BRAF 29.8 0.9999990000000001 0.9999990000000001 0.9800340000000001 0.02311 0.0 0.0
102 SK-MEL-28 PI3K 29.8 1.0 1.0 0.0 1.0 0.0 0.0
102 SK-MEL-28 p53 29.8 1.0 1.0 1.0 0.0002 0.0 0.0
102 SK-MEL-28 MEK 29.9 1.0 1.0 0.0 0.429192 0.0 0.0
