n_profile Patient_ID Drug_ID Time Prosurvival_b1 Prosurvival_b2 Prosurvival_b3 Antisurvival_b1 Antisurvival_b2 Antisurvival_b3
0 SW948 Zero 29.8 0.9970000000000001 0.826501 0.5721350000000001 0.419043 0.035074999999999995 0.0050620000000000005
0 SW948 BRAF 29.8 0.9978000000000001 0.8100350000000001 0.451275 0.4485629999999999 0.072067 0.012614999999999998
1 SK-MEL-3 Zero 29.9 0.429037 0.217946 0.073747 0.829926 0.38532500000000003 0.009691
0 SW948 PI3K 29.8 0.996732 0.815384 0.083191 0.826477 0.094939 0.01799
2 IPC-298 Zero 29.8 0.9106960000000001 0.864414 0.385765 0.6924400000000002 0.273139 0.031363999999999996
1 SK-MEL-3 BRAF 29.9 0.36867599999999995 0.221905 0.027327999999999998 0.9059900000000001 0.521742 0.022418
0 SW948 p53 29.8 0.996599 0.8268139999999998 0.560024 0.407828 0.028242 0.0002
2 IPC-298 BRAF 29.8 0.9079670000000001 0.8615240000000002 0.39759099999999997 0.6832180000000001 0.268198 0.0306
1 SK-MEL-3 PI3K 29.8 0.35299700000000006 0.22380799999999998 0.0 0.9798119999999999 0.5850219999999998 0.026288
0 SW948 MEK 29.9 0.9977850000000001 0.816814 0.09814400000000001 0.5071750000000002 0.134613 0.014508
2 IPC-298 PI3K 29.8 0.886647 0.851945 0.0002 0.961401 0.468304 0.054813
1 SK-MEL-3 p53 29.8 0.43499899999999997 0.22178 0.081011 0.80452 0.321773 0.007
3 MEL-HO Zero 29.8 0.9139889999999999 0.800275 0.18736199999999997 0.372301 0.057801 0.0012000000000000001
2 IPC-298 p53 29.8 0.912321 0.86093 0.381348 0.694471 0.25955399999999995 0.0014
1 SK-MEL-3 MEK 29.9 0.3597350000000001 0.225216 0.01726 0.9201199999999999 0.522185 0.025550999999999997
3 MEL-HO BRAF 29.8 0.9111680000000001 0.7976000000000001 0.06667 0.308051 0.04835800000000001 0.0008
2 IPC-298 MEK 29.9 0.8889870000000002 0.8525510000000002 0.107161 0.6601370000000001 0.276344 0.026951
4 RKO Zero 29.8 0.943035 0.8138169999999999 0.6429039999999999 0.8704169999999999 0.023108999999999998 0.001
3 MEL-HO PI3K 29.8 0.8901930000000001 0.7895770000000001 0.0 0.49167200000000005 0.08601800000000001 0.001
5 LS-411N Zero 29.8 1.0 0.9548 0.841857 0.921652 0.17606 0.010048
3 MEL-HO p53 29.8 0.917158 0.809543 0.17621900000000001 0.365727 0.054714 0.001
4 RKO BRAF 29.8 0.95785 0.8461749999999999 0.35126 0.9818889999999999 0.07194800000000001 0.0034
5 LS-411N BRAF 29.8 0.9999990000000002 0.9502400000000001 0.423266 0.9610700000000001 0.235429 0.033588
4 RKO PI3K 29.8 0.921082 0.722695 0.0 0.943601 0.057327 0.002
3 MEL-HO MEK 29.9 0.900082 0.798714 0.00019999999999999998 0.29819099999999993 0.04520400000000001 0.000632
5 LS-411N PI3K 29.8 1.000001 0.95051 0.0006000000000000001 0.999601 0.38464 0.044876
4 RKO p53 29.8 0.941404 0.825334 0.654111 0.8645199999999998 0.0148 0.0
6 SNU-C1 Zero 29.8 1.0 0.993554 0.9904 0.7217169999999999 0.25729300000000005 0.068274
5 LS-411N p53 29.8 0.9999989999999997 0.9549729999999998 0.8529969999999999 0.9182489999999999 0.166811 0.0006000000000000001
6 SNU-C1 BRAF 29.8 0.9999989999999999 0.9899139999999998 0.986429 0.7164569999999999 0.246032 0.064275
4 RKO MEK 29.9 0.9527879999999999 0.8531479999999999 0.018420000000000002 0.9923419999999998 0.07689800000000001 0.0052
6 SNU-C1 PI3K 29.8 0.999999 0.9907300000000001 0.7014690000000001 0.783992 0.397441 0.133165
5 LS-411N MEK 29.9 0.9999999999999999 0.956175 0.132 0.9928899999999999 0.263672 0.029020999999999998
7 LOXIMVI Zero 29.8 0.584156 0.509412 0.142809 0.620398 0.178085 0.0002
6 SNU-C1 p53 29.8 1.000001 0.990575 0.98782 0.481701 0.157371 0.021306
8 MZ2-MEL Zero 29.9 0.998801 0.943889 0.377984 0.13878300000000002 0.0028 0.0
7 LOXIMVI BRAF 29.8 0.573698 0.500743 0.033317 0.6265120000000001 0.17457 0.0
6 SNU-C1 MEK 29.9 0.999999 0.9911989999999999 0.641592 0.741164 0.271807 0.06460099999999999
8 MZ2-MEL BRAF 29.9 0.9988 0.9420260000000001 0.38456999999999997 0.137582 0.002 0.0
7 LOXIMVI PI3K 29.8 0.568232 0.496745 0.0 0.8147 0.291725 0.0
8 MZ2-MEL PI3K 29.9 0.992199 0.40687999999999996 0.0 0.991599 0.033701999999999996 0.0002
7 LOXIMVI p53 29.9 0.572665 0.499361 0.13904400000000003 0.611855 0.170887 0.0
9 K2 Zero 29.8 0.6240950000000001 0.603673 0.23535100000000003 0.62514 0.021471999999999998 0.0014
8 MZ2-MEL p53 29.9 0.9992000000000001 0.946627 0.37174999999999997 0.13963 0.001578 0.0
7 LOXIMVI MEK 29.9 0.574611 0.49394899999999997 0.0 0.636779 0.184293 0.0
9 K2 BRAF 29.8 0.611746 0.5936520000000001 0.094309 0.576127 0.027094 0.0018
8 MZ2-MEL MEK 29.9 0.9998000000000001 0.4224200000000001 0.0075390000000000006 0.673012 0.0 0.0
10 CaR-1 Zero 29.9 0.745487 0.65061 0.463908 0.26544900000000005 0.0068000000000000005 0.0
9 K2 PI3K 29.8 0.636279 0.622121 0.0 0.87686 0.03682 0.0012000000000000001
9 K2 p53 29.8 0.630162 0.61174 0.230432 0.6267189999999999 0.019639 0.0
9 K2 MEK 29.9 0.6027199999999999 0.58216 0.0027470000000000003 0.5425049999999999 0.039524000000000004 0.002
11 NCI-H747 Zero 29.8 0.7049740000000001 0.5760770000000001 0.38733 0.5219500000000001 0.0018 0.0
10 CaR-1 BRAF 29.8 0.744775 0.64675 0.45633899999999994 0.26890699999999995 0.005799999999999999 0.0
12 CHL-1 Zero 29.8 0.9999999999999999 0.9999999999999999 0.9999999999999999 0.248434 0.001 0.0
10 CaR-1 PI3K 29.8 0.683756 0.558462 0.0 0.339017 0.02684 0.0
11 NCI-H747 BRAF 29.8 0.6375250000000001 0.5613530000000001 0.105892 0.535081 0.0007999999999999999 0.0
12 CHL-1 BRAF 29.9 1.0 1.0 0.9231280000000001 0.24698 0.0012 0.0
10 CaR-1 p53 29.8 0.740527 0.646827 0.45365199999999994 0.266758 0.003937 0.0
11 NCI-H747 PI3K 29.8 0.6598829999999999 0.580388 0.039545 0.565847 0.0022 0.0
12 CHL-1 PI3K 29.9 1.0 1.0 0.002 0.267687 0.0016 0.0
10 CaR-1 MEK 29.9 0.752431 0.652065 0.39729100000000006 0.271857 0.007928000000000001 0.0
11 NCI-H747 p53 29.8 0.6988549999999999 0.580274 0.387018 0.5126510000000001 0.002 0.0
12 CHL-1 p53 29.8 1.0 1.0 1.0 0.246006 0.0006 0.0
12 CHL-1 MEK 29.9 1.0 1.0 0.002 0.26155 0.0006 0.0
13 RVH-421 Zero 29.9 0.980098 0.9686 0.907123 0.550689 0.022419 0.0026
14 HT55 Zero 29.9 1.0 0.9997880000000001 0.7151450000000001 0.837798 0.398305 0.10406100000000001
11 NCI-H747 MEK 29.9 0.6025149999999999 0.563747 0.004069 0.5266039999999998 0.003 0.0
13 RVH-421 BRAF 29.9 0.97393 0.962642 0.36034900000000003 0.544959 0.015552999999999997 0.0023150000000000002
14 HT55 BRAF 29.9 0.9999999999999999 0.9995999999999999 0.581068 0.8454699999999999 0.42088000000000003 0.11225299999999999
15 CCK-81 Zero 29.9 0.9719589999999999 0.43368399999999996 0.188553 0.953915 0.33553700000000003 0.057925
13 RVH-421 PI3K 29.9 0.9735340000000001 0.9664390000000002 0.0015999999999999999 0.9482630000000002 0.497059 0.099413
14 HT55 PI3K 29.9 1.0 0.9994000000000001 0.599252 0.844948 0.39554599999999995 0.11107299999999999
13 RVH-421 p53 29.9 0.981314 0.971215 0.909014 0.5525110000000001 0.0134 0.0
14 HT55 p53 29.9 1.0 1.0 0.726123 0.6861039999999999 0.171768 0.0002
13 RVH-421 MEK 29.9 0.975801 0.9691649999999999 0.0022389999999999997 0.550157 0.011119999999999998 0.001807
15 CCK-81 BRAF 29.9 0.9710949999999999 0.434313 0.15481199999999998 0.9648010000000001 0.36555600000000005 0.06154500000000001
14 HT55 MEK 29.9 0.9999999999999999 0.9995999999999999 0.5276329999999999 0.8539479999999999 0.42307500000000003 0.111321
16 CL-40 Zero 29.8 0.9997999999999999 0.9997999999999999 0.492255 0.81319 0.38802899999999996 0.074264
15 CCK-81 PI3K 29.8 0.9734620000000002 0.43271000000000004 0.0006000000000000001 0.999601 0.47297599999999995 0.08654500000000001
16 CL-40 BRAF 29.8 0.9995990000000001 0.9995990000000001 0.490388 0.8182600000000001 0.394499 0.081459
17 HT-144 Zero 29.9 0.9650340000000002 0.8669400000000002 0.435101 0.29722099999999996 0.061383999999999994 0.0
15 CCK-81 p53 29.9 0.970327 0.44419700000000006 0.192505 0.938474 0.193714 0.010765
16 CL-40 PI3K 29.8 0.999798 0.999798 0.092842 0.931324 0.505301 0.098355
17 HT-144 BRAF 29.9 0.9682249999999999 0.8554999999999999 0.40289700000000006 0.215114 0.033939 0.0
15 CCK-81 MEK 29.9 0.9707989999999999 0.436988 0.12399600000000001 0.9654279999999998 0.360479 0.062304
16 CL-40 p53 29.8 0.9999999999999999 0.9999999999999999 0.501894 0.8128899999999999 0.381203 0.079048
17 HT-144 PI3K 29.9 0.964601 0.49241100000000004 0.000627 0.942425 0.239882 0.0
18 CL-34 Zero 29.8 0.998001 0.768682 0.350792 0.90778 0.457519 0.114771
16 CL-40 MEK 29.9 0.9982249999999999 0.9973999999999998 0.210616 0.8175260000000001 0.41210199999999997 0.081999
17 HT-144 p53 29.9 0.9673019999999999 0.8710979999999999 0.434624 0.29130599999999995 0.062365 0.0
19 CL-11 Zero 29.8 0.9993990000000001 0.9987990000000001 0.9977990000000001 0.27693599999999996 0.016057 0.0002
18 CL-34 BRAF 29.9 0.99893 0.7820990000000001 0.38671900000000003 0.945257 0.671424 0.2834
17 HT-144 MEK 29.9 0.964345 0.639089 0.15496100000000002 0.212841 0.034176 0.0
19 CL-11 BRAF 29.8 0.9995989999999998 0.9993989999999998 0.955356 0.27774899999999997 0.016391 0.0
18 CL-34 PI3K 29.8 0.997571 0.774745 0.0 0.999999 0.55589 0.15864
20 IGR-1 Zero 29.8 0.597202 0.404409 0.15456000000000003 0.557629 0.14095700000000003 0.0
19 CL-11 PI3K 29.8 0.9982360000000001 0.996 0.0 0.9270069999999999 0.5654440000000001 0.06662
18 CL-34 p53 29.8 0.998 0.777345 0.340451 0.905854 0.378635 0.0015999999999999999
19 CL-11 p53 29.8 0.9992000000000001 0.9992000000000001 0.9974000000000001 0.28007600000000005 0.022421000000000003 0.0
20 IGR-1 BRAF 29.8 0.596511 0.4253259999999999 0.200068 0.5300170000000001 0.106013 0.0002
20 IGR-1 PI3K 29.8 0.467147 0.350008 0.0 0.637698 0.251483 0.0
19 CL-11 MEK 29.9 0.9995999999999999 0.9995999999999999 0.0004 0.342988 0.0272 0.0
18 CL-34 MEK 29.9 0.9996 0.778548 0.217543 0.927914 0.617261 0.242504
20 IGR-1 p53 29.8 0.601991 0.416057 0.158438 0.551164 0.144288 0.0
21 SW48 Zero 29.9 1.0 1.0 0.26789 0.591479 0.17565499999999998 0.0
22 SNU-C2B Zero 29.8 0.9716969999999999 0.9350269999999999 0.680616 0.610021 0.16865500000000003 0.01182
20 IGR-1 MEK 29.9 0.5591160000000001 0.40502900000000003 0.033767 0.5142300000000001 0.09905599999999999 0.0
21 SW48 BRAF 29.9 1.000001 1.000001 0.269812 0.586847 0.17108399999999999 0.0
22 SNU-C2B BRAF 29.9 0.9728299999999999 0.9361609999999999 0.679306 0.6229029999999999 0.182022 0.018209
21 SW48 PI3K 29.9 0.999999 0.999999 0.118644 0.669264 0.194716 0.0
23 WM-115 Zero 29.9 0.9626810000000001 0.736095 0.263233 0.437765 0.16892900000000002 0.042828000000000005
22 SNU-C2B PI3K 29.9 0.958556 0.919885 0.530869 0.646538 0.196258 0.016795
21 SW48 p53 29.8 1.000001 1.000001 0.26748000000000005 0.5788260000000001 0.172243 0.0
23 WM-115 BRAF 29.9 0.9635360000000001 0.569777 0.149732 0.34059 0.106041 0.027813
22 SNU-C2B p53 29.9 0.9702010000000001 0.9293610000000001 0.6779180000000001 0.6335679999999999 0.192307 0.018743
21 SW48 MEK 29.9 1.000001 1.000001 0.029525999999999997 0.6233240000000001 0.188508 0.0002
23 WM-115 PI3K 29.9 0.927959 0.335264 0.0 0.998801 0.5404150000000001 0.116091
22 SNU-C2B MEK 29.9 0.9540270000000002 0.9337480000000001 0.043661 0.657069 0.18894400000000003 0.019080999999999997
24 T84 Zero 29.8 0.9985999999999999 0.997174 0.9924 0.50345 0.183273 0.025178
23 WM-115 p53 29.9 0.9643959999999999 0.7493099999999999 0.25915299999999997 0.34156000000000003 0.12798299999999999 0.010062999999999999
25 GP5d Zero 29.8 0.839811 0.706837 0.297487 0.8852159999999999 0.134688 0.0026000000000000003
24 T84 BRAF 29.8 0.9985999999999999 0.9974000000000001 0.8227889999999999 0.5099419999999999 0.17275400000000002 0.026285
24 T84 PI3K 29.8 0.9992009999999999 0.997275 0.0 0.9333039999999999 0.561333 0.096683
23 WM-115 MEK 29.9 0.9320950000000001 0.33395299999999994 0.0034000000000000002 0.33264599999999994 0.08950900000000002 0.024876000000000002
25 GP5d BRAF 29.9 0.8254400000000001 0.695029 0.252808 0.8913160000000001 0.13619199999999998 0.0018
24 T84 p53 29.8 0.9994 0.9975999999999999 0.99302 0.491851 0.17107299999999998 0.018363
26 UACC-257 Zero 29.9 0.7335370000000001 0.714535 0.093342 0.6986000000000002 0.35994800000000005 0.066449
25 GP5d PI3K 29.9 0.834395 0.70521 0.25168 0.885702 0.133946 0.0022
24 T84 MEK 29.9 0.998799 0.9971990000000001 0.23048600000000002 0.513633 0.191589 0.034013
25 GP5d p53 29.9 0.8289960000000002 0.7018630000000001 0.286917 0.883551 0.12380000000000001 0.0
26 UACC-257 BRAF 29.9 0.7413610000000002 0.7148930000000001 0.028857 0.658753 0.3281879999999999 0.056948000000000006
27 451Lu Zero 29.9 0.9995999999999999 0.9995999999999999 0.090863 0.48120799999999997 0.07117 0.0004
26 UACC-257 PI3K 29.9 0.7411169999999999 0.722277 0.0 0.7641330000000001 0.420541 0.078768
25 GP5d MEK 29.9 0.820506 0.6904929999999999 0.159998 0.889149 0.146302 0.002
26 UACC-257 p53 29.9 0.7373249999999999 0.717204 0.08293099999999999 0.698262 0.35800699999999996 0.058212
28 HCC2998 Zero 29.8 1.0 0.998 0.9974000000000001 0.8120350000000001 0.277917 0.001846
27 451Lu BRAF 29.9 0.9994 0.9975999999999999 0.137159 0.4071080000000001 0.062345 0.0004
26 UACC-257 MEK 29.9 0.72779 0.697801 0.0 0.6117680000000001 0.29626199999999997 0.056533
28 HCC2998 BRAF 29.8 1.0000000000000002 0.9988000000000001 0.9898 0.8109590000000002 0.28837699999999994 0.0036
27 451Lu PI3K 29.9 0.9996 0.9994000000000001 0.0 0.541647 0.092939 0.0004
27 451Lu p53 29.9 0.9992 0.999 0.08763399999999999 0.481678 0.069025 0.0002
28 HCC2998 PI3K 29.8 0.9987999999999998 0.9977999999999999 0.5651019999999999 0.8091959999999999 0.275015 0.002789
29 WM1552C Zero 29.9 0.8251689999999999 0.45629400000000003 0.146356 0.20403 0.021787 0.0004
28 HCC2998 p53 29.8 1.0 0.9984 0.9978 0.602057 0.029075 0.0002
27 451Lu MEK 29.9 0.991399 0.986051 0.009209 0.33512699999999995 0.041038 0.0
29 WM1552C BRAF 29.9 0.8545130000000002 0.385256 0.08993400000000001 0.16985799999999998 0.0192 0.000664
30 M14 Zero 29.8 1.0 1.0 0.993164 0.08925300000000001 0.0006000000000000001 0.0
28 HCC2998 MEK 29.9 0.9985999999999998 0.9979999999999999 0.143131 0.8746849999999998 0.33969499999999997 0.0026
29 WM1552C PI3K 29.9 0.693172 0.20451200000000003 0.001 0.423784 0.06540299999999999 0.0022
31 SK-MEL-1 Zero 29.9 1.0 1.0 0.994 0.09164199999999999 0.0028 0.0
30 M14 BRAF 29.9 0.9999999999999999 0.9999999999999999 0.9930509999999999 0.082861 0.0007999999999999999 0.0
29 WM1552C p53 29.9 0.8162050000000002 0.45317399999999997 0.141618 0.20497 0.026492 0.0021999999999999997
30 M14 PI3K 29.9 1.0 1.0 0.13259600000000002 0.724994 0.155943 0.0
31 SK-MEL-1 BRAF 29.9 1.000001 1.000001 0.8862190000000001 0.10097500000000001 0.005575 0.0002
29 WM1552C MEK 29.9 0.850925 0.277296 0.006 0.14502 0.017799999999999996 0.0004
30 M14 p53 29.9 1.0 1.0 0.9934069999999999 0.083819 0.0006000000000000001 0.0
31 SK-MEL-1 PI3K 29.8 1.0 0.9998 0.15110800000000002 0.7355860000000001 0.28029 0.023993999999999998
32 SK-MEL-5 Zero 29.8 1.0000000000000002 0.9988000000000001 0.631416 0.45462100000000005 0.088863 0.0038
30 M14 MEK 29.9 0.9992000000000001 0.9990000000000001 0.687571 0.10054499999999998 0.0006 0.0
31 SK-MEL-1 p53 29.9 1.0 1.0 0.9932 0.10308 0.004540000000000001 0.0004
32 SK-MEL-5 BRAF 29.8 1.0 0.9994000000000002 0.08936000000000001 0.440546 0.07799100000000002 0.001874
33 COLO-829 Zero 29.8 0.8651949999999999 0.591629 0.33804300000000004 0.7679379999999999 0.322471 0.065206
31 SK-MEL-1 MEK 29.9 1.000001 1.000001 0.06949199999999998 0.164554 0.015961 0.0002
32 SK-MEL-5 PI3K 29.8 0.9999999999999999 0.9997999999999999 0.0 0.9965999999999999 0.325709 0.016875
34 CP66-MEL Zero 29.8 0.9450059999999999 0.929005 0.647804 0.178363 0.039792 0.006200000000000001
33 COLO-829 BRAF 29.9 0.8404379999999998 0.5667589999999999 0.105123 0.7758940000000001 0.31327000000000005 0.048254
32 SK-MEL-5 p53 29.8 0.9999989999999999 0.999199 0.6522229999999999 0.436843 0.07947599999999999 0.001903
34 CP66-MEL BRAF 29.8 0.9443739999999998 0.9293079999999998 0.5841769999999998 0.18759 0.050212 0.0074
33 COLO-829 PI3K 29.8 0.6499600000000001 0.5561740000000001 0.0 0.9999990000000002 0.581908 0.150952
32 SK-MEL-5 MEK 29.9 1.000001 0.9995350000000001 0.0054 0.45877199999999996 0.08263899999999999 0.0022
34 CP66-MEL PI3K 29.8 0.943449 0.928276 0.07757 0.44818099999999994 0.09917700000000002 0.019892
35 C32 Zero 29.9 0.971699 0.667474 0.5824550000000001 0.4768050000000001 0.0023620000000000004 0.0
34 CP66-MEL p53 29.8 0.9463780000000002 0.9327240000000001 0.653761 0.154536 0.013493000000000002 0.0
33 COLO-829 p53 29.8 0.863815 0.583559 0.33793100000000004 0.7218870000000001 0.27739 0.036811
34 CP66-MEL MEK 29.9 0.9372299999999998 0.927182 0.18383400000000003 0.206789 0.07491099999999999 0.0124
35 C32 BRAF 29.9 0.9429740000000001 0.571427 0.420169 0.441824 0.001306 0.0
33 COLO-829 MEK 29.9 0.6576219999999999 0.553816 0.001092 0.7529239999999999 0.24880900000000003 0.013616999999999999
36 SK-MEL-30 Zero 29.9 0.545981 0.473062 0.137541 0.778598 0.00465 0.0
35 C32 PI3K 29.9 0.6845580000000001 0.6335120000000001 0.0008 0.9898000000000001 0.0116 0.0
36 SK-MEL-30 BRAF 29.9 0.5512480000000001 0.47608500000000004 0.13775700000000002 0.751438 0.012123 0.0
35 C32 p53 29.9 0.9769990000000001 0.6702890000000001 0.59096 0.476367 0.0026 0.0
37 HT-29 Zero 29.8 0.8898870000000001 0.6483059999999999 0.428832 0.49169900000000005 0.057938 0.0
36 SK-MEL-30 PI3K 29.9 0.5457290000000001 0.472477 0.0 0.897839 0.004769000000000001 0.0
35 C32 MEK 29.9 0.671098 0.5829639999999999 0.009642000000000001 0.45128899999999994 0.0018 0.0
37 HT-29 BRAF 29.8 0.8814739999999999 0.6563779999999999 0.41080500000000003 0.512078 0.068247 0.0002
36 SK-MEL-30 p53 29.9 0.557938 0.486379 0.141977 0.7683099999999999 0.003733 0.0
38 SNU-1040 Zero 29.8 0.9989989999999999 0.9983989999999999 0.966804 0.7703949999999999 0.25164499999999995 0.0006
37 HT-29 PI3K 29.8 0.8765419999999999 0.6428289999999999 0.298802 0.578206 0.071626 0.0002
36 SK-MEL-30 MEK 29.9 0.5345819999999999 0.454638 0.002957 0.6750879999999999 0.023594999999999998 0.0002
38 SNU-1040 BRAF 29.8 0.9994 0.999 0.48870099999999994 0.830918 0.30871 0.0007999999999999999
37 HT-29 p53 29.8 0.8965359999999999 0.656816 0.43200299999999997 0.49288000000000004 0.063193 0.0004
39 COLO-678 Zero 29.9 0.959975 0.784815 0.235928 0.43320900000000007 0.21177300000000002 0.024272
38 SNU-1040 PI3K 29.8 0.9990459999999999 0.9983449999999998 0.001291 0.775688 0.266402 0.0
37 HT-29 MEK 29.9 0.8320010000000002 0.591326 0.11275299999999999 0.5515510000000001 0.12883499999999998 0.000853
39 COLO-678 BRAF 29.9 0.9661730000000001 0.553676 0.128283 0.427836 0.199361 0.027878999999999998
38 SNU-1040 p53 29.8 0.9997999999999999 0.9997999999999999 0.96794 0.774394 0.254847 0.0004
40 SH-4 Zero 29.8 0.5457750000000001 0.5096720000000001 0.044652000000000004 0.92298 0.452482 0.0
39 COLO-678 PI3K 29.9 0.957151 0.24823599999999998 0.0 0.9982 0.909096 0.12867599999999998
38 SNU-1040 MEK 29.9 0.9990589999999999 0.9984 0.160698 0.8397969999999999 0.316588 0.0008
40 SH-4 BRAF 29.9 0.5394300000000001 0.5041 0.039453999999999996 0.9245290000000002 0.455988 0.0
39 COLO-678 p53 29.9 0.9562750000000001 0.785137 0.226975 0.385939 0.209517 0.014813999999999999
41 Hs-940-T Zero 29.9 0.945022 0.6567909999999999 0.250664 0.14442899999999997 0.012451 0.0
40 SH-4 PI3K 29.8 0.531841 0.49881700000000007 0.0 0.9638859999999999 0.48694899999999997 0.0
39 COLO-678 MEK 29.9 0.9680500000000001 0.30347 0.008992 0.44939900000000005 0.22479900000000003 0.029471
41 Hs-940-T BRAF 29.9 0.946052 0.6586679999999999 0.259515 0.143957 0.012199999999999999 0.0
40 SH-4 p53 29.9 0.5416529999999999 0.501288 0.040157000000000005 0.9257639999999999 0.442563 0.0
41 Hs-940-T PI3K 29.8 0.9402499999999999 0.473153 0.0 0.425507 0.052263 0.0
40 SH-4 MEK 29.9 0.5360219999999999 0.5055959999999999 0.000497 0.9131419999999999 0.45932999999999996 0.000234
42 KM12 Zero 29.9 0.959485 0.561868 0.14707199999999998 0.997199 0.47590799999999994 0.031683
41 Hs-940-T p53 29.9 0.951271 0.668394 0.262336 0.13587599999999997 0.011177 0.0
43 SW626 Zero 29.8 1.0 1.0 1.0 0.647247 0.0058 0.0
42 KM12 BRAF 29.9 0.9582550000000001 0.56537 0.100639 0.9984 0.45911700000000005 0.029872000000000003
41 Hs-940-T MEK 29.9 0.9477359999999998 0.650778 0.219903 0.143956 0.012744 0.0
43 SW626 BRAF 29.8 1.0 1.0 0.962306 0.678187 0.014319 0.0
42 KM12 PI3K 29.9 0.955283 0.5577989999999999 0.0 0.9999989999999999 0.7756189999999998 0.046331
44 RPMI-7951 Zero 29.9 0.993235 0.79633 0.301854 0.568018 0.017800000000000003 0.0
43 SW626 PI3K 29.8 0.9999999999999999 0.9997999999999999 0.09289 0.91419 0.0066 0.0002
42 KM12 p53 29.9 0.9618340000000002 0.55305 0.146165 0.9974009999999999 0.47803600000000007 0.027132
43 SW626 p53 29.8 0.9999999999999999 0.9999999999999999 0.9995999999999999 0.6482239999999999 0.0 0.0
44 RPMI-7951 BRAF 29.9 0.9750440000000001 0.6270930000000001 0.143895 0.542351 0.019600000000000003 0.0002
42 KM12 MEK 29.9 0.958055 0.5511219999999999 0.0048579999999999995 0.9977989999999998 0.44594300000000003 0.0264
44 RPMI-7951 PI3K 29.9 0.985056 0.525232 0.0 0.96794 0.054988 0.0002
45 Hs-939-T Zero 29.8 0.9745650000000001 0.885142 0.5238700000000001 0.439319 0.152352 0.012489
43 SW626 MEK 29.9 1.000001 1.000001 0.47856 0.901627 0.09997400000000001 0.0
44 RPMI-7951 p53 29.9 0.994535 0.781039 0.292068 0.569766 0.023826 0.0
46 LB2518-MEL Zero 29.9 0.5728609999999998 0.377744 0.155408 0.24769300000000002 0.004 0.0
45 Hs-939-T BRAF 29.9 0.9822000000000001 0.883681 0.5379520000000001 0.32941299999999996 0.10067499999999999 0.006388
45 Hs-939-T PI3K 29.9 0.9585680000000002 0.8158460000000001 0.0008 0.9459470000000001 0.40730700000000003 0.03737
44 RPMI-7951 MEK 29.9 0.9705989999999999 0.5342509999999999 0.034171 0.5312549999999999 0.026187000000000002 0.0
46 LB2518-MEL BRAF 29.9 0.429561 0.28638800000000003 0.07846800000000001 0.20708600000000002 0.007308 0.0
47 Mewo Zero 29.8 0.980124 0.9620029999999999 0.881046 0.017059 0.0 0.0
45 Hs-939-T p53 29.9 0.975811 0.8876940000000001 0.512394 0.4504790000000001 0.161651 0.012199999999999999
46 LB2518-MEL PI3K 29.9 0.533446 0.36029900000000004 0.096945 0.31943499999999997 0.004 0.0
47 Mewo BRAF 29.8 0.9794480000000001 0.9572670000000001 0.65857 0.018120999999999998 0.0 0.0
45 Hs-939-T MEK 29.9 0.9511680000000002 0.7936900000000001 0.016361 0.10511400000000001 0.029695 0.005294
46 LB2518-MEL p53 29.9 0.585051 0.38661999999999996 0.163253 0.253248 0.0036 0.0
47 Mewo PI3K 29.8 0.966499 0.944917 0.0 0.15771600000000002 0.0 0.0
48 SK-MEL-2 Zero 29.8 0.854974 0.748498 0.540284 0.579054 0.057194999999999996 0.000335
47 Mewo p53 29.8 0.980969 0.960096 0.872497 0.019393999999999998 0.0 0.0
46 LB2518-MEL MEK 29.9 0.388195 0.27141200000000004 0.032319 0.187194 0.005206 0.0
48 SK-MEL-2 BRAF 29.8 0.8398749999999999 0.743312 0.20300200000000002 0.7553799999999999 0.08566500000000002 0.0002
47 Mewo MEK 29.9 0.971707 0.952199 0.064667 0.017959000000000003 0.0 0.0
49 SW1417 Zero 29.8 1.0 1.0 0.7185710000000001 0.49962699999999993 0.0312 0.0007999999999999999
48 SK-MEL-2 PI3K 29.8 0.810902 0.7102280000000001 0.0 0.9978009999999999 0.10796 0.0006
50 COLO-320-HSR Zero 29.9 0.904282 0.396052 0.23256500000000002 0.694604 0.20123100000000002 0.0
49 SW1417 BRAF 29.8 0.999999 0.999999 0.621532 0.553051 0.034871 0.0002
48 SK-MEL-2 p53 29.8 0.858607 0.749945 0.53875 0.57803 0.057338 0.0
50 COLO-320-HSR BRAF 29.9 0.8992249999999999 0.36754300000000006 0.213093 0.684765 0.194019 0.0
49 SW1417 PI3K 29.8 0.9999999999999999 0.9999999999999999 0.001 0.8711389999999999 0.099267 0.000944
48 SK-MEL-2 MEK 29.9 0.8134770000000001 0.7199350000000001 0.001 0.827438 0.08627499999999999 0.0004
50 COLO-320-HSR PI3K 29.9 0.849035 0.14851199999999998 0.0 0.766896 0.22986099999999998 0.0
49 SW1417 p53 29.8 0.999999 0.999999 0.716404 0.51266 0.031108 0.0002
51 SW620 Zero 29.9 0.9858060000000001 0.935809 0.36383699999999997 0.5660660000000001 0.019639 0.0
50 COLO-320-HSR p53 29.9 0.91129 0.401823 0.23707299999999998 0.691327 0.189086 0.0
49 SW1417 MEK 29.9 0.9999990000000002 0.9999990000000002 0.064725 0.8106320000000001 0.070034 0.001998
51 SW620 BRAF 29.9 0.9851960000000002 0.9373070000000001 0.239089 0.7060800000000002 0.048463000000000006 0.001
50 COLO-320-HSR MEK 29.9 0.908787 0.36509400000000003 0.20749800000000002 0.702985 0.199438 0.0
52 COLO-783 Zero 29.9 0.9494 0.918964 0.621631 0.9649510000000001 0.451688 0.07947
51 SW620 PI3K 29.9 0.9835999999999999 0.926653 0.08144799999999999 0.711506 0.0252 0.0002
53 SNU-61 Zero 29.8 0.8718380000000001 0.8145600000000001 0.75703 0.6858950000000001 0.10451199999999998 0.0046
51 SW620 p53 29.9 0.9866000000000003 0.934358 0.361184 0.5705830000000001 0.018600000000000002 0.0
52 COLO-783 BRAF 29.9 0.9397010000000001 0.918302 0.35769199999999995 0.9920920000000002 0.6394850000000001 0.171302
53 SNU-61 BRAF 29.8 0.8640580000000001 0.801973 0.646929 0.689426 0.096248 0.003291
51 SW620 MEK 29.9 0.9862 0.939249 0.002095 0.762754 0.051333000000000004 0.0012000000000000001
52 COLO-783 PI3K 29.8 0.9255810000000001 0.908217 0.0 0.9999990000000002 0.7409960000000001 0.236887
53 SNU-61 PI3K 29.8 0.819458 0.799231 0.007192 0.9987990000000001 0.40696299999999996 0.029714
54 SNU-C5 Zero 29.8 0.831749 0.748684 0.269363 0.28147099999999997 0.0008 0.0
52 COLO-783 p53 29.9 0.954028 0.923077 0.6331080000000001 0.960818 0.4360819999999999 0.072457
53 SNU-61 p53 29.8 0.85997 0.801869 0.739576 0.6974610000000001 0.09486400000000002 0.0046
54 SNU-C5 BRAF 29.9 0.83036 0.742167 0.27431700000000003 0.28967600000000004 0.0006870000000000001 0.0
53 SNU-61 MEK 29.9 0.8280080000000001 0.79761 0.199168 0.7018789999999999 0.09701200000000001 0.0048
52 COLO-783 MEK 29.9 0.929616 0.912374 0.022121 0.9978 0.650741 0.183593
54 SNU-C5 PI3K 29.8 0.768261 0.697681 0.074151 0.34467499999999995 0.0007999999999999999 0.0
55 G-361 Zero 29.8 0.895799 0.46679600000000004 0.43364400000000003 0.560174 0.129814 0.0018
54 SNU-C5 p53 29.9 0.827919 0.747393 0.273189 0.283701 0.001208 0.0
56 MDST8 Zero 29.9 0.9765489999999999 0.9406329999999999 0.879841 0.352524 0.05255900000000001 0.0
55 G-361 BRAF 29.8 0.855684 0.408893 0.26271 0.6166530000000001 0.166407 0.002712
54 SNU-C5 MEK 29.9 0.818036 0.738977 0.130299 0.294641 0.0006000000000000001 0.0
56 MDST8 BRAF 29.9 0.9730249999999999 0.925048 0.33499 0.7505459999999999 0.259468 0.0
55 G-361 PI3K 29.8 0.8558520000000001 0.401897 0.0 0.9903990000000001 0.6667780000000001 0.021476
57 CP67-MEL Zero 29.9 0.998718 0.582471 0.537482 0.015074999999999998 0.0 0.0
56 MDST8 PI3K 29.9 0.728591 0.609865 0.0 0.8243010000000001 0.38592299999999996 0.0006
55 G-361 p53 29.8 0.88953 0.463053 0.432403 0.574281 0.135713 0.0014
57 CP67-MEL BRAF 29.9 0.992328 0.565735 0.440661 0.0136 0.0004 0.0
55 G-361 MEK 29.9 0.8504120000000002 0.395337 0.008799999999999999 0.667816 0.21082300000000004 0.003214
56 MDST8 p53 29.9 0.977038 0.940599 0.8819919999999999 0.321782 0.040895 0.0
57 CP67-MEL PI3K 29.9 0.858716 0.5526550000000001 0.157279 0.07636099999999998 0.0014 0.0
58 SNU-81 Zero 29.8 1.0000000000000002 0.9914000000000002 0.9886170000000001 0.3428 0.0 0.0
57 CP67-MEL p53 29.8 0.9988 0.586202 0.539665 0.013988 0.0 0.0
56 MDST8 MEK 29.9 0.963858 0.9202909999999999 0.07577400000000001 0.8569169999999999 0.302383 0.0002
58 SNU-81 BRAF 29.8 1.0 0.9912 0.934402 0.38264 0.0002 0.0
57 CP67-MEL MEK 29.9 0.788162 0.539489 0.008154 0.016071000000000002 0.0 0.0
59 UACC-62 Zero 29.9 0.6876180000000001 0.506642 0.0886 0.9064490000000001 0.545657 0.0004
58 SNU-81 PI3K 29.8 0.999801 0.989661 0.445271 0.628326 0.02039 0.0
60 MZ7-mel Zero 29.9 0.994199 0.986199 0.826188 0.11986699999999999 0.0 0.0
59 UACC-62 BRAF 29.9 0.606502 0.437006 0.04698 0.905578 0.558476 0.0004
58 SNU-81 p53 29.8 0.9999999999999999 0.9907549999999999 0.988995 0.23375300000000002 0.0 0.0
59 UACC-62 PI3K 29.9 0.675573 0.51444 0.0 0.9284729999999999 0.593214 0.0002
60 MZ7-mel BRAF 29.9 0.9969859999999999 0.9895309999999999 0.662527 0.09798599999999999 0.0 0.0
58 SNU-81 MEK 29.9 1.000001 0.990364 0.70529 0.450672 0.000865 0.0
60 MZ7-mel PI3K 29.9 0.992408 0.9871789999999999 0.082668 0.310957 0.0 0.0
59 UACC-62 p53 29.9 0.684946 0.503632 0.092632 0.9117939999999999 0.550625 0.0
61 MMAc-SF Zero 29.9 0.9998009999999999 0.999601 0.998201 0.315131 0.005419 0.0
60 MZ7-mel p53 29.9 0.9954000000000001 0.987801 0.826751 0.120049 0.0 0.0
59 UACC-62 MEK 29.9 0.4941930000000001 0.360072 0.0008 0.9052769999999999 0.5366939999999999 0.0002
61 MMAc-SF BRAF 29.9 0.9999989999999999 0.9997989999999999 0.7434529999999999 0.314158 0.005089000000000001 0.0
60 MZ7-mel MEK 29.9 0.9914630000000001 0.987001 0.005491 0.14513900000000002 0.0 0.0
62 LS-123 Zero 29.9 0.9509989999999999 0.9052009999999999 0.310101 0.5582719999999999 0.21143 0.0
61 MMAc-SF PI3K 29.9 0.99904 0.9972 0.001606 0.441626 0.04739 0.0008
63 SK-MEL-24 Zero 29.9 0.880165 0.46401000000000003 0.10386900000000002 0.361219 0.019745 0.0002
62 LS-123 BRAF 29.9 0.949191 0.9070400000000001 0.30387600000000003 0.555431 0.216417 0.0
61 MMAc-SF p53 29.9 1.0000000000000002 0.9998000000000001 0.9986 0.30110699999999996 0.0042 0.0
62 LS-123 PI3K 29.8 0.9223580000000001 0.9033420000000001 0.0 0.870938 0.34723200000000004 0.0
63 SK-MEL-24 BRAF 29.9 0.8430099999999999 0.446947 0.100815 0.323584 0.023 0.0006000000000000001
61 MMAc-SF MEK 29.9 0.9997999999999999 0.9994 0.043945 0.34394099999999994 0.0078 0.0
62 LS-123 p53 29.9 0.9547030000000001 0.911852 0.32326099999999997 0.5531560000000002 0.22591599999999998 0.0
63 SK-MEL-24 PI3K 29.9 0.7861090000000002 0.222467 0.0 0.6079910000000001 0.035303 0.0006
64 CW-2 Zero 29.8 0.999999 0.998599 0.15932200000000002 0.9497400000000001 0.7445130000000001 0.32144399999999995
62 LS-123 MEK 29.9 0.9383429999999999 0.891687 0.24219200000000002 0.5466879999999998 0.21219700000000002 0.0
64 CW-2 BRAF 29.8 1.0000000000000002 0.9984 0.135436 0.9534000000000002 0.7501540000000001 0.327476
63 SK-MEL-24 p53 29.9 0.8802330000000002 0.468607 0.10050400000000001 0.34717500000000007 0.015517999999999999 0.0002
65 SW837 Zero 29.8 0.7601389999999999 0.602603 0.414074 0.5517069999999998 0.05630099999999999 0.0012
64 CW-2 PI3K 29.8 1.0 0.9984 0.0 1.0 0.8275210000000001 0.35106699999999996
63 SK-MEL-24 MEK 29.9 0.645916 0.181692 0.0024000000000000002 0.14570499999999997 0.007234 0.0002
65 SW837 BRAF 29.8 0.76156 0.6078250000000001 0.412104 0.5483240000000001 0.057436999999999995 0.001
64 CW-2 p53 29.8 0.9999999999999999 0.9981999999999999 0.141124 0.9316 0.595317 0.10031499999999999
66 WM278 Zero 29.9 1.0 0.9854570000000001 0.714945 0.7963790000000002 0.163986 0.0014
65 SW837 PI3K 29.8 0.736813 0.578504 0.157026 0.5625560000000001 0.07415100000000001 0.0028
64 CW-2 MEK 29.9 0.9999999999999998 0.9980899999999999 0.071277 0.9475129999999998 0.7578079999999999 0.366765
65 SW837 p53 29.8 0.7608640000000001 0.6163770000000001 0.416002 0.5631970000000001 0.061528 0.0006000000000000001
66 WM278 BRAF 29.9 0.9981989999999997 0.9727879999999999 0.639716 0.7960919999999999 0.126639 0.0014
67 LS1034 Zero 29.9 1.000001 1.000001 0.62107 0.485402 0.329206 0.0
65 SW837 MEK 29.9 0.710965 0.596065 0.233462 0.567099 0.064153 0.000377
66 WM278 PI3K 29.8 0.9999999999999999 0.94265 0.0 0.901574 0.34004799999999996 0.0026
67 LS1034 BRAF 29.9 1.0000010000000001 1.0000010000000001 0.565183 0.506099 0.33205999999999997 0.0
68 SNU-407 Zero 29.8 0.9995999999999999 0.9995999999999999 0.150342 0.977299 0.159255 0.0
67 LS1034 PI3K 29.8 0.9997999999999999 0.9997999999999999 0.25985199999999997 0.757545 0.607758 0.0
66 WM278 p53 29.9 1.0000010000000001 0.984801 0.719642 0.7748870000000001 0.149565 0.0002
68 SNU-407 BRAF 29.9 0.9988000000000001 0.9984000000000002 0.15000799999999997 0.9772 0.15236500000000003 0.0
67 LS1034 p53 29.9 0.9997979999999999 0.9997979999999999 0.624956 0.477286 0.326211 0.0
66 WM278 MEK 29.9 0.996423 0.929438 0.076358 0.804685 0.120773 0.0012000000000000001
68 SNU-407 PI3K 29.8 0.9994000000000001 0.9988 0.0 1.0 0.179407 0.0
67 LS1034 MEK 29.9 1.0 1.0 0.29168499999999997 0.533648 0.34080699999999997 0.0
69 COLO-800 Zero 29.9 0.9967999999999998 0.6846239999999998 0.035716 0.987776 0.32512899999999995 0.027999999999999997
68 SNU-407 p53 29.8 0.9992380000000001 0.9990000000000001 0.150302 0.97153 0.048750999999999996 0.0
70 HCT-15 Zero 29.8 0.859007 0.7915679999999999 0.537582 0.546818 0.025055 0.0
69 COLO-800 BRAF 29.9 0.9978010000000002 0.6920650000000002 0.037311 0.991329 0.37507599999999996 0.044894
68 SNU-407 MEK 29.9 0.9991580000000001 0.999 0.028992999999999998 0.9839540000000001 0.15675799999999998 0.0
70 HCT-15 BRAF 29.8 0.854749 0.792595 0.545463 0.54611 0.027000000000000003 0.0
69 COLO-800 PI3K 29.9 0.998 0.679988 0.0 1.0 0.354262 0.027077
71 IGR-37 Zero 29.8 0.9615659999999999 0.875656 0.801503 0.29014500000000004 0.033072000000000004 0.0018899999999999998
70 HCT-15 PI3K 29.8 0.8218380000000001 0.746636 0.405183 0.584215 0.036793000000000006 0.0004
69 COLO-800 p53 29.9 0.9983979999999998 0.6924649999999999 0.037481 0.9872819999999999 0.33009200000000005 0.026251999999999998
71 IGR-37 BRAF 29.8 0.952373 0.8738729999999999 0.7748959999999999 0.29241100000000003 0.03494 0.0004
70 HCT-15 p53 29.8 0.8508090000000001 0.7885960000000002 0.5346560000000001 0.5564370000000001 0.0254 0.0004
71 IGR-37 PI3K 29.8 0.8816870000000001 0.8612950000000001 0.001 0.964594 0.21230100000000005 0.016897
69 COLO-800 MEK 29.9 0.9947499999999998 0.6772219999999999 0.021345000000000003 0.9860649999999999 0.3579820000000001 0.046059
70 HCT-15 MEK 29.9 0.847878 0.773466 0.30796799999999996 0.5722750000000001 0.026208 0.0
71 IGR-37 p53 29.8 0.9606389999999999 0.8756959999999999 0.796598 0.290636 0.031114 0.0004
72 LS-513 Zero 29.8 1.0 0.9982000000000001 0.951743 0.753382 0.08634399999999999 0.038505
73 SK-MEL-31 Zero 29.9 0.891811 0.269635 0.044941 0.606813 0.144112 0.008524
71 IGR-37 MEK 29.9 0.896325 0.863645 0.120162 0.5272330000000001 0.072968 0.0038000000000000004
72 LS-513 BRAF 29.8 0.9999999999999999 0.9984 0.879638 0.7701779999999999 0.08940000000000001 0.041826999999999996
74 RCM-1 Zero 29.8 0.999999 0.999999 0.994481 0.49565100000000006 0.12882000000000002 0.0
72 LS-513 PI3K 29.8 0.9999999999999999 0.999234 0.07734600000000001 0.983084 0.833662 0.44188700000000003
73 SK-MEL-31 BRAF 29.9 0.915524 0.245032 0.039258 0.675603 0.15149800000000002 0.015109
74 RCM-1 BRAF 29.8 1.0 1.0 0.9862 0.519336 0.129347 0.0
72 LS-513 p53 29.8 1.0 0.9984 0.949981 0.639728 0.075565 0.031427000000000004
73 SK-MEL-31 PI3K 29.9 0.500708 0.0644 0.0004 0.9998 0.39038700000000004 0.039821999999999996
74 RCM-1 PI3K 29.8 0.999999 0.999999 0.0 0.771865 0.243243 0.0
73 SK-MEL-31 p53 29.9 0.893982 0.27293 0.04926099999999999 0.467544 0.06621700000000001 0.002245
74 RCM-1 p53 29.8 1.000001 0.999801 0.991201 0.514027 0.130754 0.0
72 LS-513 MEK 29.9 1.0 0.9982 0.5798230000000001 0.826105 0.09804 0.049806
75 IST-MEL1 Zero 29.9 1.0000000000000002 0.9999460000000001 0.538182 0.6441340000000001 0.0027489999999999997 0.0
74 RCM-1 MEK 29.9 1.0000010000000001 1.0000010000000001 0.012725 0.621841 0.19375599999999998 0.0
73 SK-MEL-31 MEK 29.9 0.63626 0.09832300000000001 0.009188 0.6369199999999999 0.128675 0.011924
76 COLO-205 Zero 29.9 0.9960010000000001 0.9433220000000001 0.8639870000000001 0.9948010000000002 0.777012 0.092401
75 IST-MEL1 BRAF 29.9 0.9999990000000001 0.9967990000000001 0.5133890000000001 0.706357 0.0036 0.0
77 CP50-MEL-B Zero 29.9 0.9916010000000001 0.926555 0.6592790000000001 0.007599999999999999 0.0004 0.0
76 COLO-205 BRAF 29.9 0.9965280000000002 0.9335860000000001 0.7410230000000001 0.9946010000000002 0.780236 0.096731
75 IST-MEL1 PI3K 29.8 0.999801 0.5883660000000001 0.058478999999999996 0.825485 0.10470299999999999 0.0006000000000000001
77 CP50-MEL-B BRAF 29.8 0.9914000000000001 0.9456190000000001 0.693237 0.008407 0.0 0.0
75 IST-MEL1 p53 29.9 1.0 0.999971 0.546586 0.62038 0.0015999999999999999 0.0
76 COLO-205 PI3K 29.9 0.987542 0.926126 0.5819179999999999 0.9942 0.823525 0.237075
77 CP50-MEL-B PI3K 29.9 0.9440270000000001 0.757217 0.07833100000000001 0.10017400000000001 0.011024999999999998 0.0
76 COLO-205 p53 29.9 0.9954010000000002 0.9364620000000001 0.8573220000000001 0.973601 0.28450499999999995 0.023812000000000003
75 IST-MEL1 MEK 29.9 1.000001 0.8245819999999999 0.32287499999999997 0.7785829999999999 0.0037219999999999996 0.0
77 CP50-MEL-B p53 29.9 0.9895619999999999 0.928947 0.660242 0.007927 0.0 0.0
76 COLO-205 MEK 29.9 0.9934010000000001 0.916204 0.067328 0.998401 0.852968 0.093427
78 SNU-175 Zero 29.9 0.628366 0.412365 0.168339 0.9467329999999999 0.219436 0.025653
77 CP50-MEL-B MEK 29.9 0.9743529999999998 0.8368999999999999 0.319861 0.018258999999999997 0.0006000000000000001 0.0
79 A101D Zero 29.9 0.7916559999999999 0.5296219999999999 0.142088 0.673097 0.35242999999999997 0.099189
78 SNU-175 BRAF 29.9 0.6220490000000001 0.41498799999999997 0.151781 0.9566669999999999 0.26427 0.040649000000000005
80 GAK Zero 29.8 0.7722180000000002 0.7021380000000002 0.256246 0.103475 0.0056040000000000005 0.0002
78 SNU-175 PI3K 29.9 0.565336 0.41684899999999997 0.10868400000000002 0.9546379999999999 0.247413 0.032966999999999996
79 A101D BRAF 29.9 0.751055 0.48104100000000005 0.113233 0.6811269999999999 0.38209200000000004 0.14437899999999998
80 GAK BRAF 29.9 0.770752 0.709544 0.040764999999999996 0.09746 0.005984 0.0002
78 SNU-175 p53 29.9 0.6402499999999999 0.418845 0.17035700000000004 0.9375359999999999 0.14548100000000003 0.008
79 A101D PI3K 29.9 0.712108 0.257736 0.018493 0.9996 0.781993 0.27694500000000005
80 GAK PI3K 29.9 0.753376 0.691672 0.0 0.18615400000000001 0.016838 0.0014
78 SNU-175 MEK 29.9 0.6038539999999999 0.421607 0.14858900000000003 0.9489759999999998 0.264495 0.04309000000000001
79 A101D p53 29.9 0.7908109999999999 0.5344099999999999 0.139971 0.6645469999999999 0.34176 0.085108
80 GAK p53 29.9 0.77222 0.70456 0.269817 0.099515 0.007044 0.0004
81 HT-115 Zero 29.8 1.000001 0.998601 0.993601 0.622799 0.060726999999999996 0.0
79 A101D MEK 29.9 0.7320180000000001 0.4061329999999999 0.087979 0.6629090000000001 0.34335699999999997 0.12449200000000002
80 GAK MEK 29.9 0.760022 0.70485 0.0002 0.095475 0.004654 0.0002
81 HT-115 BRAF 29.8 0.9996 0.9990000000000001 0.8530960000000001 0.654124 0.075828 0.0
82 SW1116 Zero 29.8 0.9568490000000001 0.8902420000000001 0.55779 0.5544910000000001 0.141385 0.004673
81 HT-115 PI3K 29.8 0.9995999999999999 0.9988 0.62791 0.744687 0.11189 0.0014
82 SW1116 BRAF 29.8 0.9571609999999999 0.8901279999999999 0.546667 0.55375 0.156582 0.004886
83 A2058 Zero 29.9 0.9934930000000001 0.712773 0.227918 0.660616 0.148023 0.0
81 HT-115 p53 29.8 0.9999990000000002 0.9990870000000002 0.9908220000000001 0.6228410000000001 0.056401 0.0
82 SW1116 PI3K 29.8 0.9482590000000002 0.8784090000000001 0.49366799999999994 0.5792480000000001 0.178201 0.005999999999999999
83 A2058 BRAF 29.8 0.9948009999999999 0.718114 0.225246 0.6532290000000001 0.15746400000000002 0.0
81 HT-115 MEK 29.9 0.999375 0.999001 0.010882 0.6834950000000001 0.08083299999999999 0.0008
82 SW1116 p53 29.8 0.9559509999999999 0.8854849999999999 0.5558 0.543046 0.14580300000000002 0.0002
83 A2058 PI3K 29.8 0.994 0.494413 0.0 0.9967999999999999 0.31553200000000003 0.0
84 COLO-679 Zero 29.8 0.8471650000000002 0.749882 0.216525 0.873049 0.38854099999999997 0.0
82 SW1116 MEK 29.9 0.9162790000000001 0.8843390000000001 0.153307 0.552343 0.15653699999999998 0.0034289999999999998
83 A2058 p53 29.9 0.9943989999999999 0.7260209999999999 0.233879 0.659346 0.14872800000000003 0.0
84 COLO-679 BRAF 29.8 0.8422589999999999 0.750369 0.177027 0.86411 0.387019 0.0
85 VMRC-MELG Zero 29.9 0.8298880000000001 0.358333 0.140957 0.414243 0.063926 0.01
84 COLO-679 PI3K 29.8 0.7975530000000001 0.740877 0.0 0.998001 0.5391450000000001 0.0
83 A2058 MEK 29.9 0.993568 0.493636 0.0015999999999999999 0.653656 0.308314 0.0
84 COLO-679 p53 29.8 0.8369389999999999 0.741768 0.211617 0.8752919999999998 0.400369 0.0
85 VMRC-MELG BRAF 29.9 0.825978 0.312229 0.11665299999999999 0.435076 0.07736399999999999 0.01278
86 SK-CO-1 Zero 29.8 1.000001 1.000001 0.427317 0.8017639999999999 0.476893 0.148987
85 VMRC-MELG PI3K 29.9 0.666275 0.169762 0.012411 0.5422330000000001 0.175225 0.032916
84 COLO-679 MEK 29.9 0.801901 0.749072 0.0047220000000000005 0.788764 0.305528 0.0
86 SK-CO-1 BRAF 29.8 0.9998009999999998 0.9998009999999998 0.377677 0.7967369999999999 0.482481 0.16001600000000002
87 SK-MEL-28 Zero 29.9 0.832292 0.7167460000000001 0.23909400000000003 0.837072 0.0024000000000000002 0.0
85 VMRC-MELG p53 29.9 0.833894 0.356076 0.134074 0.30903899999999995 0.048190000000000004 0.005073
86 SK-CO-1 PI3K 29.8 1.0 0.9998 0.0002 1.0 0.746788 0.245956
86 SK-CO-1 p53 29.8 0.999999 0.999999 0.43542899999999995 0.766376 0.443297 0.113743
85 VMRC-MELG MEK 29.9 0.695752 0.18447000000000002 0.022527 0.5165409999999999 0.108647 0.017048
87 SK-MEL-28 BRAF 29.9 0.781607 0.6669510000000001 0.11887 0.841954 0.0096 0.0
86 SK-CO-1 MEK 29.9 1.0 1.0 0.105717 0.815189 0.5195309999999999 0.20227099999999998
87 SK-MEL-28 PI3K 29.9 0.742486 0.718695 0.0 0.9992 0.0022 0.0
88 WM793B Zero 29.9 0.9528179999999999 0.8339439999999999 0.5794140000000001 0.967293 0.580177 0.0002
87 SK-MEL-28 p53 29.9 0.83386 0.7272879999999999 0.24790300000000004 0.8298070000000001 0.004428 0.0
89 LB373-MEL-D Zero 29.8 0.9518009999999999 0.9156489999999999 0.359079 0.46715400000000007 0.05835 0.0034
88 WM793B BRAF 29.9 0.9613529999999999 0.8398399999999999 0.5802529999999999 0.9745179999999999 0.6152479999999999 0.001
87 SK-MEL-28 MEK 29.9 0.704519 0.628227 0.025048 0.851499 0.007757 0.0004
88 WM793B PI3K 29.9 0.709428 0.38261100000000003 0.099507 0.9797359999999999 0.6563509999999999 0.0016
89 LB373-MEL-D BRAF 29.8 0.9489550000000001 0.9118390000000001 0.191265 0.44176400000000005 0.054646 0.00228
90 LoVo Zero 29.8 0.969319 0.951032 0.7277549999999999 0.7891400000000001 0.047996 0.0
88 WM793B p53 29.9 0.950262 0.832006 0.5894300000000001 0.960681 0.542245 0.0004
89 LB373-MEL-D PI3K 29.9 0.923068 0.874525 0.048065 0.681772 0.08806100000000001 0.003726
90 LoVo BRAF 29.8 0.9693670000000001 0.9520940000000001 0.728566 0.786504 0.050486 0.0
88 WM793B MEK 29.9 0.953909 0.7458839999999999 0.131147 0.985801 0.729012 0.0014
89 LB373-MEL-D p53 29.8 0.950369 0.915435 0.35791 0.43861900000000004 0.03349 0.0007999999999999999
90 LoVo PI3K 29.8 0.9706680000000001 0.954752 0.0 1.0 0.089413 0.0006
91 MEL-JUSO Zero 29.9 0.502385 0.4551420000000001 0.108673 0.969684 0.6697460000000001 0.021235
90 LoVo p53 29.8 0.968967 0.9526 0.715923 0.786054 0.042656 0.0
89 LB373-MEL-D MEK 29.9 0.945508 0.891368 0.020349 0.48141199999999995 0.06046 0.0022
91 MEL-JUSO BRAF 29.9 0.501489 0.4512079999999999 0.10248099999999999 0.971187 0.667308 0.021148
90 LoVo MEK 29.9 0.9715999999999999 0.9549219999999999 0.3703099999999999 0.7921889999999999 0.078978 0.0012000000000000001
92 WT Zero 29.8 0.9999999999999999 0.9999999999999999 0.9995999999999999 0.0014 0.0 0.0
91 MEL-JUSO PI3K 29.9 0.512091 0.463057 0.0 0.9864970000000001 0.7148610000000001 0.032129
93 NCI-H508 Zero 29.9 0.949521 0.48673299999999997 0.424422 0.877158 0.084585 0.0
92 WT BRAF 29.8 1.000001 1.000001 0.959647 0.033014 0.0 0.0
91 MEL-JUSO p53 29.9 0.512833 0.463379 0.11345000000000001 0.9699679999999999 0.666221 0.020443
93 NCI-H508 BRAF 29.9 0.95286 0.491076 0.419227 0.884755 0.090126 0.0
92 WT PI3K 29.8 1.0 1.0 0.0 1.0 0.0 0.0
91 MEL-JUSO MEK 29.9 0.30511400000000005 0.206016 0.029859 0.9382480000000001 0.5499860000000001 0.012805
93 NCI-H508 PI3K 29.8 0.9515769999999999 0.47805600000000004 0.0 0.9839079999999999 0.11144000000000001 0.0
92 WT p53 29.8 1.0 1.0 1.0 0.001 0.0 0.0
94 G-MEL Zero 29.9 0.9574 0.949478 0.012620000000000001 0.493436 0.052622999999999996 0.004399999999999999
93 NCI-H508 p53 29.9 0.950713 0.493534 0.43159 0.868424 0.085171 0.0
92 WT MEK 29.9 0.9999999999999999 0.9999999999999999 0.0014 0.419027 0.0 0.0
94 G-MEL BRAF 29.9 0.9583189999999999 0.949323 0.017932 0.4831280000000001 0.056922999999999994 0.0058
93 NCI-H508 MEK 29.9 0.951534 0.4934300000000001 0.383075 0.876043 0.092764 0.0
94 G-MEL PI3K 29.9 0.9553990000000001 0.950604 0.0 0.5093540000000001 0.059959000000000005 0.0062
95 LS-180 Zero 29.8 0.9999999999999999 0.9999999999999999 0.626176 0.64484 0.16445200000000001 0.011369
94 G-MEL p53 29.9 0.959489 0.9529270000000001 0.012155 0.49900500000000003 0.05917700000000001 0.003
95 LS-180 BRAF 29.9 1.000001 1.000001 0.614655 0.637265 0.167474 0.013691
96 A375 Zero 29.9 0.9661999999999998 0.9129669999999999 0.260822 0.6610839999999999 0.02007 0.0
94 G-MEL MEK 29.9 0.957336 0.9510000000000001 0.013222 0.44176499999999996 0.0526 0.006326
95 LS-180 PI3K 29.8 0.9999990000000001 0.9999990000000001 0.588717 0.6431440000000002 0.170982 0.0118
96 A375 BRAF 29.9 0.9553299999999999 0.705005 0.180636 0.9843679999999999 0.04661100000000001 0.0
97 WM35 Zero 29.8 0.9992000000000001 0.9986000000000002 0.500057 0.21819000000000002 0.0104 0.0008
95 LS-180 p53 29.8 1.000001 1.000001 0.618699 0.637185 0.138801 0.0002
96 A375 PI3K 29.9 0.8787579999999999 0.247474 0.001615 0.9992 0.020094 0.0
97 WM35 BRAF 29.9 0.9995999999999999 0.9994 0.566565 0.18469399999999997 0.0092 0.0006
95 LS-180 MEK 29.9 1.0 1.0 0.413266 0.647515 0.16655499999999998 0.014
97 WM35 PI3K 29.9 0.9991999999999999 0.9989999999999999 0.0 0.52894 0.030403 0.001393
96 A375 p53 29.9 0.9594789999999999 0.9039679999999999 0.251176 0.6547319999999999 0.0061660000000000005 0.0
98 HCT-116 Zero 29.8 0.8787710000000001 0.830407 0.37843000000000004 0.7524310000000001 0.016 0.0002
97 WM35 p53 29.9 0.9992 0.9986 0.4868 0.21446800000000002 0.010532 0.0
96 A375 MEK 29.9 0.9528819999999999 0.444436 0.064306 0.998799 0.053198999999999996 0.0
98 HCT-116 BRAF 29.9 0.871862 0.823473 0.081607 0.907186 0.041771 0.0008
97 WM35 MEK 29.9 0.9992000000000001 0.9986 0.075727 0.42759699999999995 0.0092 0.0012
99 SW1463 Zero 29.8 0.9999999999999999 0.634631 0.5400290000000001 0.219851 0.0406 0.0
98 HCT-116 PI3K 29.9 0.855911 0.7950529999999999 0.0012000000000000001 0.9966009999999998 0.018914999999999998 0.0002
100 C2BBe1 Zero 29.9 0.787201 0.576116 0.313282 0.9128379999999999 0.23481899999999997 0.017069
98 HCT-116 p53 29.9 0.8783720000000002 0.8320169999999999 0.38043699999999997 0.752083 0.008558 0.0
99 SW1463 BRAF 29.8 1.0 0.621894 0.16747099999999998 0.43806500000000004 0.09678799999999999 0.0
100 C2BBe1 BRAF 29.9 0.7642280000000001 0.5704410000000001 0.307499 0.914409 0.23255800000000001 0.01461
98 HCT-116 MEK 29.9 0.8750569999999999 0.8279519999999999 0.0016 0.9504599999999999 0.076924 0.0012
99 SW1463 PI3K 29.8 0.9999999999999998 0.6351039999999999 0.264381 0.4479 0.146847 0.0
100 C2BBe1 PI3K 29.9 0.7613840000000001 0.547621 0.23655800000000002 0.9150180000000001 0.24399099999999996 0.019667
101 HMV-II Zero 29.8 0.9760620000000001 0.9219460000000002 0.9054390000000001 0.152248 0.0015999999999999999 0.0
99 SW1463 p53 29.8 1.0000010000000001 0.6427109999999999 0.534319 0.23950600000000002 0.044434 0.0
100 C2BBe1 p53 29.9 0.7700159999999999 0.5759309999999999 0.31727 0.9065930000000001 0.170976 0.0002
101 HMV-II BRAF 29.9 0.9482800000000001 0.9168830000000001 0.30056 0.157087 0.0066 0.0006
100 C2BBe1 MEK 29.9 0.7158789999999998 0.528574 0.16027599999999997 0.9095059999999999 0.233039 0.015258
99 SW1463 MEK 29.9 1.000002 0.633629 0.029743 0.472248 0.10138399999999999 0.0
101 HMV-II PI3K 29.9 0.93402 0.918698 0.07340100000000001 0.24837700000000004 0.051092 0.010676
102 COLO-792 Zero 29.8 0.9999990000000001 0.9999990000000001 0.163264 0.824206 0.572725 0.156162
101 HMV-II p53 29.8 0.984299 0.929363 0.909857 0.14174699999999998 0.0022 0.0
102 COLO-792 BRAF 29.9 1.0000000000000002 1.0000000000000002 0.147737 0.821281 0.569551 0.155468
101 HMV-II MEK 29.9 0.926159 0.915136 0.039714 0.236318 0.061205 0.0
102 COLO-792 PI3K 29.8 1.0 1.0 0.0 0.995876 0.7355240000000001 0.201879
102 COLO-792 p53 29.9 0.999999 0.999999 0.164112 0.8264720000000001 0.5668340000000001 0.142771
102 COLO-792 MEK 29.9 0.999999 0.999999 0.020767 0.7217210000000001 0.510544 0.13859
