n_profile Patient_ID Drug_ID Time Prosurvival_b1 Prosurvival_b2 Prosurvival_b3 Antisurvival_b1 Antisurvival_b2 Antisurvival_b3
0 SNU-1040 Zero 29.8 0.9735840000000001 0.960207 0.892136 0.9390290000000001 0.554277 0.119348
1 MMAc-SF Zero 29.9 0.9998 0.9994000000000001 0.9934170000000001 0.308437 0.005019 0.0
0 SNU-1040 BRAF 29.9 0.9708 0.9589489999999999 0.6408750000000001 0.9642509999999999 0.5948909999999998 0.14073000000000002
2 NCI-H716 Zero 29.8 0.9204970000000001 0.812609 0.7587520000000001 0.525382 0.041092000000000004 0.0046
0 SNU-1040 PI3K 29.8 0.9343559999999999 0.9067669999999999 0.001018 0.999599 0.6401290000000002 0.070648
1 MMAc-SF BRAF 29.9 1.0 0.9998 0.7635689999999999 0.326302 0.0078 0.0
2 NCI-H716 BRAF 29.9 0.913427 0.819309 0.6456459999999999 0.523601 0.040001 0.0038
0 SNU-1040 p53 29.8 0.9732000000000002 0.9613680000000001 0.8990340000000001 0.8923950000000003 0.4213639999999999 0.0018000000000000002
1 MMAc-SF PI3K 29.9 0.999 0.9972 0.001 0.436638 0.046064 0.0012
2 NCI-H716 PI3K 29.9 0.903401 0.806538 0.360613 0.6357520000000001 0.155085 0.020817
1 MMAc-SF p53 29.9 0.9997999999999999 0.9997999999999999 0.996261 0.289867 0.0042 0.0
0 SNU-1040 MEK 29.9 0.9750530000000002 0.9627840000000001 0.49641100000000005 0.9671970000000002 0.6081600000000001 0.14982099999999998
2 NCI-H716 p53 29.9 0.9237920000000002 0.8174630000000002 0.7534270000000001 0.22747299999999998 0.018413 0.0016
1 MMAc-SF MEK 29.9 0.9999999999999999 0.9994 0.047011 0.333792 0.006229 0.0
3 WM-115 Zero 29.9 0.966199 0.782564 0.292434 0.331047 0.105805 0.027847999999999998
2 NCI-H716 MEK 29.9 0.826434 0.8124589999999999 0.003419 0.5388769999999999 0.040778 0.0028
4 451Lu Zero 29.9 0.9996 0.9990000000000001 0.16847199999999998 0.4112309999999999 0.054313 0.0016
5 SW948 Zero 29.8 0.9963409999999999 0.8294569999999999 0.571202 0.42528499999999997 0.03588 0.0068000000000000005
3 WM-115 BRAF 29.9 0.965163 0.566625 0.14402199999999998 0.343208 0.10704499999999999 0.027472
4 451Lu BRAF 29.9 0.9989999999999999 0.9971999999999999 0.132086 0.41423499999999996 0.067023 0.0014
5 SW948 BRAF 29.8 0.9978009999999999 0.812259 0.44419699999999995 0.45325999999999994 0.074492 0.011922
3 WM-115 PI3K 29.9 0.922967 0.327706 0.0002 0.9986000000000002 0.598576 0.133447
4 451Lu PI3K 29.9 0.9986 0.9975999999999999 0.0 0.5350239999999999 0.084602 0.0022
5 SW948 PI3K 29.8 0.9959990000000001 0.8122539999999999 0.07315200000000001 0.838213 0.09473000000000002 0.018000000000000002
3 WM-115 p53 29.9 0.9710360000000001 0.7788960000000001 0.274051 0.22199899999999997 0.079293 0.006182
4 451Lu p53 29.9 0.9994509999999999 0.9968009999999999 0.166003 0.41176900000000005 0.057919000000000005 0.0
5 SW948 p53 29.8 0.9970000000000001 0.823234 0.551466 0.417863 0.028720999999999997 0.0002
3 WM-115 MEK 29.9 0.9320970000000001 0.346882 0.0038 0.340038 0.088838 0.026617000000000002
4 451Lu MEK 29.9 0.9922 0.98525 0.008119 0.330989 0.039916999999999994 0.002
5 SW948 MEK 29.9 0.9974180000000002 0.8206320000000001 0.09828 0.503653 0.135325 0.014056
6 A101D Zero 29.9 0.789211 0.528445 0.133021 0.6759160000000001 0.364615 0.110874
6 A101D BRAF 29.9 0.7517390000000002 0.477907 0.11784900000000001 0.685225 0.38282200000000005 0.141959
7 SW1116 Zero 29.8 0.9547089999999999 0.8912349999999999 0.548352 0.5586299999999998 0.15657900000000002 0.0032
8 Hs-940-T Zero 29.9 0.945022 0.6567909999999999 0.250664 0.14442899999999997 0.012451 0.0
7 SW1116 BRAF 29.8 0.9550759999999999 0.889292 0.530216 0.554112 0.155004 0.0038000000000000004
6 A101D PI3K 29.9 0.719327 0.25206100000000004 0.018919000000000002 0.9980570000000001 0.788769 0.28701499999999996
8 Hs-940-T BRAF 29.9 0.946052 0.6586679999999999 0.259515 0.143957 0.012199999999999999 0.0
7 SW1116 PI3K 29.8 0.9581099999999999 0.8908609999999999 0.49498 0.5652129999999999 0.161631 0.0034
6 A101D p53 29.9 0.7850009999999998 0.5267679999999999 0.12909800000000002 0.65459 0.34392500000000004 0.091545
8 Hs-940-T PI3K 29.8 0.9402499999999999 0.473153 0.0 0.425507 0.052263 0.0
7 SW1116 p53 29.8 0.9550659999999999 0.8855369999999999 0.554897 0.5407879999999999 0.14350500000000002 0.0004
8 Hs-940-T p53 29.9 0.951271 0.668394 0.262336 0.13587599999999997 0.011177 0.0
6 A101D MEK 29.9 0.718108 0.406348 0.089102 0.6620239999999998 0.34331000000000006 0.126553
7 SW1116 MEK 29.9 0.9150010000000001 0.8848600000000001 0.149861 0.5469080000000001 0.155137 0.0036
8 Hs-940-T MEK 29.9 0.9477359999999998 0.650778 0.219903 0.143956 0.012744 0.0
9 COLO-320-HSR Zero 29.9 0.914198 0.400349 0.229738 0.695704 0.20107599999999998 0.005
10 LS1034 Zero 29.9 1.000001 0.9996010000000001 0.485678 0.832324 0.50851 0.259096
9 COLO-320-HSR BRAF 29.9 0.905933 0.37376600000000004 0.20126699999999997 0.700393 0.20311099999999999 0.0044
11 CW-2 Zero 29.8 1.0000009999999997 0.9972759999999998 0.065041 0.9784009999999999 0.8012299999999999 0.333715
10 LS1034 BRAF 29.9 0.9999999999999999 0.9997999999999999 0.450857 0.8430059999999999 0.507834 0.259362
9 COLO-320-HSR PI3K 29.9 0.848055 0.14886 0.0 0.8002180000000001 0.32228199999999996 0.034184
11 CW-2 BRAF 29.8 1.0 0.9988000000000001 0.06292400000000001 0.9776 0.7932420000000001 0.35255499999999995
10 LS1034 PI3K 29.9 1.000001 0.999401 0.251304 0.898771 0.681424 0.365017
9 COLO-320-HSR p53 29.9 0.9167709999999999 0.40753000000000006 0.240415 0.694367 0.190246 0.0
11 CW-2 PI3K 29.8 0.999999 0.998399 0.0 0.999999 0.834 0.35696500000000003
10 LS1034 p53 29.9 0.999999 0.999999 0.48937800000000004 0.59275 0.42808 0.0
9 COLO-320-HSR MEK 29.9 0.8950919999999999 0.373516 0.202576 0.706677 0.20138199999999998 0.0038
11 CW-2 p53 29.8 1.0000010000000001 0.9986010000000001 0.070729 0.9671890000000002 0.6301090000000001 0.10233
10 LS1034 MEK 29.9 0.9998 0.9998 0.212477 0.887051 0.550726 0.31854600000000005
12 RCM-1 Zero 29.8 1.0 1.0 0.710991 0.628852 0.17177 0.0
11 CW-2 MEK 29.9 0.9999979999999999 0.997998 0.054289000000000004 0.960812 0.774906 0.364084
13 HCT-116 Zero 29.9 0.879514 0.8288570000000001 0.369631 0.762178 0.012400000000000001 0.0
12 RCM-1 BRAF 29.8 0.9998010000000002 0.9998010000000002 0.7148750000000001 0.6336680000000001 0.180689 0.0
14 Mewo Zero 29.8 0.980124 0.9620029999999999 0.881046 0.017059 0.0 0.0
13 HCT-116 BRAF 29.9 0.8787230000000001 0.8307180000000001 0.082533 0.9040260000000002 0.037358 0.0008
12 RCM-1 PI3K 29.8 1.0 1.0 0.0 0.777319 0.237111 0.0
14 Mewo BRAF 29.8 0.9794480000000001 0.9572670000000001 0.65857 0.018120999999999998 0.0 0.0
13 HCT-116 PI3K 29.9 0.8598250000000001 0.795617 0.001 0.9962810000000001 0.019498 0.0
12 RCM-1 p53 29.8 1.0 0.9998000000000001 0.725329 0.623084 0.153919 0.0
14 Mewo PI3K 29.8 0.966499 0.944917 0.0 0.15771600000000002 0.0 0.0
13 HCT-116 p53 29.9 0.8853129999999999 0.838877 0.37717 0.7579239999999999 0.008298 0.0
14 Mewo p53 29.8 0.980969 0.960096 0.872497 0.019393999999999998 0.0 0.0
12 RCM-1 MEK 29.9 1.0 1.0 0.011067 0.639519 0.190755 0.0
13 HCT-116 MEK 29.9 0.881177 0.832449 0.00194 0.951001 0.07538600000000001 0.002
14 Mewo MEK 29.9 0.971707 0.952199 0.064667 0.017959000000000003 0.0 0.0
15 SW626 Zero 29.8 1.0 1.0 0.9908 0.6529069999999999 0.005399999999999999 0.0
15 SW626 BRAF 29.8 1.0 1.0 0.9542490000000001 0.679264 0.01264 0.0
16 MEL-HO Zero 29.8 0.9292670000000001 0.816463 0.264465 0.322252 0.05002600000000001 0.001
15 SW626 PI3K 29.8 1.0 1.0 0.0956 0.914216 0.0068 0.0
17 C2BBe1 Zero 29.9 0.787201 0.576116 0.313282 0.9128379999999999 0.23481899999999997 0.017069
16 MEL-HO BRAF 29.8 0.911396 0.797585 0.063905 0.3028709999999999 0.045558 0.0014
15 SW626 p53 29.8 1.0 0.9998 0.9902150000000001 0.652311 0.0 0.0
17 C2BBe1 BRAF 29.9 0.7642280000000001 0.5704410000000001 0.307499 0.914409 0.23255800000000001 0.01461
16 MEL-HO PI3K 29.8 0.8892439999999999 0.7889919999999999 0.0 0.5080969999999999 0.10617199999999999 0.0032
17 C2BBe1 PI3K 29.9 0.7613840000000001 0.547621 0.23655800000000002 0.9150180000000001 0.24399099999999996 0.019667
15 SW626 MEK 29.9 1.000001 0.999801 0.480081 0.899173 0.10053000000000001 0.0
16 MEL-HO p53 29.8 0.92898 0.8194330000000001 0.25917599999999996 0.30631699999999995 0.03830399999999999 0.0002
17 C2BBe1 p53 29.9 0.7700159999999999 0.5759309999999999 0.31727 0.9065930000000001 0.170976 0.0002
18 WT Zero 29.8 0.9999999999999999 0.9999999999999999 0.9995999999999999 0.0014 0.0 0.0
16 MEL-HO MEK 29.9 0.890738 0.790433 0.0 0.29348 0.040503 0.000432
17 C2BBe1 MEK 29.9 0.7158789999999998 0.528574 0.16027599999999997 0.9095059999999999 0.233039 0.015258
18 WT BRAF 29.8 1.000001 1.000001 0.959647 0.033014 0.0 0.0
19 SK-MEL-2 Zero 29.8 0.850234 0.74785 0.536749 0.581876 0.056186 0.0006000000000000001
18 WT PI3K 29.8 1.0 1.0 0.0 1.0 0.0 0.0
20 M14 Zero 29.9 0.9999999999999999 0.9999999999999999 0.9952 0.090808 0.0008 0.0004
19 SK-MEL-2 BRAF 29.8 0.8459809999999999 0.7458509999999998 0.179034 0.7654259999999999 0.08310400000000001 0.0004
18 WT p53 29.8 1.0 1.0 1.0 0.001 0.0 0.0
20 M14 BRAF 29.9 0.9998 0.9994000000000001 0.9936 0.08424000000000001 0.0014 0.0
19 SK-MEL-2 PI3K 29.8 0.81175 0.715418 0.0 0.9972 0.120505 0.0014
20 M14 PI3K 29.9 0.9999989999999999 0.9999989999999999 0.13778800000000002 0.7178439999999999 0.17826699999999998 0.026396
19 SK-MEL-2 p53 29.8 0.856948 0.742952 0.536601 0.576769 0.05884 0.0
18 WT MEK 29.9 0.9999999999999999 0.9999999999999999 0.0014 0.419027 0.0 0.0
20 M14 p53 29.9 1.0 1.0 0.9934000000000001 0.081784 0.0006 0.0
19 SK-MEL-2 MEK 29.9 0.8183909999999999 0.7316199999999999 0.000667 0.8268719999999998 0.09126 0.0016
21 NCI-H508 Zero 29.9 0.9507569999999999 0.48397999999999997 0.287533 0.936954 0.110684 0.0002
20 M14 MEK 29.9 0.9997999999999999 0.9993999999999998 0.6937989999999999 0.100532 0.002373 0.0004
21 NCI-H508 BRAF 29.9 0.954264 0.49589099999999997 0.290113 0.9396150000000001 0.10364900000000002 0.0002
22 SK-MEL-24 Zero 29.9 0.851859 0.47153599999999996 0.10729899999999999 0.317293 0.019462 0.0
23 A2058 Zero 29.9 0.9959999999999999 0.7418359999999998 0.23582600000000004 0.6979079999999999 0.30190700000000004 0.102969
21 NCI-H508 PI3K 29.8 0.947939 0.47731199999999996 0.0 0.9852799999999999 0.124237 0.0002
22 SK-MEL-24 BRAF 29.9 0.8402170000000001 0.441825 0.095402 0.324847 0.021827 0.0004
21 NCI-H508 p53 29.9 0.9502500000000002 0.46796899999999997 0.273358 0.9356070000000001 0.100102 0.0
23 A2058 BRAF 29.9 0.9944000000000001 0.532255 0.031216 0.763009 0.48194399999999993 0.17822899999999997
22 SK-MEL-24 PI3K 29.9 0.714969 0.21305900000000003 0.0004 0.608606 0.04543799999999999 0.001
21 NCI-H508 MEK 29.9 0.9450919999999999 0.488471 0.287243 0.9349509999999999 0.11221500000000001 0.0004
23 A2058 PI3K 29.8 0.9934 0.505526 0.0 0.9959999999999999 0.544013 0.219399
22 SK-MEL-24 p53 29.9 0.854914 0.45208800000000005 0.096839 0.306918 0.019920999999999998 0.0002
24 WM1552C Zero 29.9 0.824697 0.45622399999999996 0.134566 0.42997899999999994 0.06430699999999999 0.006538
23 A2058 p53 29.9 0.9943679999999999 0.732236 0.23945500000000003 0.643857 0.183492 0.0
22 SK-MEL-24 MEK 29.9 0.641848 0.17635099999999998 0.002 0.14489899999999997 0.0054210000000000005 0.0
24 WM1552C BRAF 29.9 0.853439 0.39158200000000004 0.079854 0.4173390000000001 0.059560999999999996 0.004957
23 A2058 MEK 29.9 0.991289 0.491776 0.001 0.7520649999999999 0.46697 0.179822
25 IGR-1 Zero 29.8 0.613984 0.411923 0.186227 0.542751 0.132935 2.9e-05
24 WM1552C PI3K 29.9 0.7021970000000001 0.199403 0.0008 0.50538 0.12755 0.010156
26 SNU-407 Zero 29.9 0.8501629999999999 0.8282119999999998 0.067508 0.9924 0.164033 0.0
25 IGR-1 BRAF 29.8 0.599647 0.419942 0.186614 0.522905 0.10689499999999999 0.0002
24 WM1552C p53 29.9 0.8211729999999999 0.457355 0.14361400000000002 0.20359800000000003 0.024121000000000004 0.0017649999999999999
26 SNU-407 BRAF 29.8 0.8513370000000001 0.8313650000000001 0.058988 0.992013 0.16176600000000002 0.0
25 IGR-1 PI3K 29.8 0.46093800000000007 0.34269000000000005 0.0 0.6259340000000001 0.24197200000000002 0.0002
24 WM1552C MEK 29.9 0.855158 0.2842429999999999 0.005 0.4629 0.06448399999999999 0.006925
26 SNU-407 PI3K 29.8 0.8538589999999999 0.830426 0.0 0.9999999999999999 0.179039 0.0
25 IGR-1 p53 29.8 0.6173449999999999 0.42813 0.190654 0.546171 0.124835 0.0
27 LoVo Zero 29.8 0.96894 0.951732 0.607452 0.815147 0.057428999999999994 0.0
26 SNU-407 p53 29.9 0.8520069999999998 0.8314619999999999 0.06462599999999999 0.9886609999999999 0.042778 0.0
25 IGR-1 MEK 29.9 0.561194 0.41767399999999993 0.031432 0.527625 0.08981600000000001 0.0004
27 LoVo BRAF 29.8 0.9679580000000001 0.9499990000000001 0.6149230000000001 0.819894 0.054383 0.0
26 SNU-407 MEK 29.9 0.8431999999999998 0.81844 0.014283 0.9895349999999999 0.165814 0.0
28 Hs-944-T Zero 29.9 0.9820000000000001 0.5627260000000001 0.11904499999999998 0.6789649999999999 0.064389 0.0021720000000000003
27 LoVo PI3K 29.8 0.97151 0.955677 0.0 1.0000000000000002 0.088253 0.0004
27 LoVo p53 29.8 0.971505 0.953521 0.61497 0.822875 0.053028 0.0
29 NCI-H747 Zero 29.8 0.6563939999999999 0.571398 0.223534 0.5393379999999999 0.023216 0.0
28 Hs-944-T BRAF 29.9 0.9526800000000002 0.45846900000000007 0.056084999999999996 0.6410950000000001 0.21270299999999998 0.020192
27 LoVo MEK 29.9 0.9721970000000001 0.9536440000000002 0.34414200000000006 0.8060189999999999 0.07819500000000001 0.001
29 NCI-H747 BRAF 29.8 0.6329 0.573578 0.08211500000000001 0.530452 0.022484 0.0
28 Hs-944-T PI3K 29.9 0.976063 0.393298 0.0 0.9142739999999999 0.087829 0.005286
30 IGR-37 Zero 29.8 0.9596420000000002 0.8734410000000001 0.7963260000000001 0.289072 0.031034 0.001689
29 NCI-H747 PI3K 29.8 0.609458 0.541335 0.0196 0.5716979999999999 0.021818000000000004 0.0
28 Hs-944-T p53 29.9 0.9791039999999999 0.5605920000000001 0.118372 0.671376 0.05184299999999999 0.0
30 IGR-37 BRAF 29.8 0.9536870000000001 0.874777 0.773301 0.29731 0.036337 0.0004
29 NCI-H747 p53 29.8 0.651641 0.5696260000000001 0.2394 0.522258 0.004028 0.0
28 Hs-944-T MEK 29.9 0.942994 0.37882299999999997 0.012503 0.6231840000000001 0.21067 0.017122
30 IGR-37 PI3K 29.8 0.883297 0.860055 0.0008 0.9655519999999999 0.219086 0.014904
29 NCI-H747 MEK 29.9 0.600236 0.564646 0.003563 0.5523319999999999 0.032712 0.0
31 SNU-175 Zero 29.9 0.628366 0.412365 0.168339 0.9467329999999999 0.219436 0.025653
30 IGR-37 p53 29.8 0.9626949999999999 0.876832 0.798411 0.28253100000000003 0.028468 0.001061
32 HT-29 Zero 29.8 0.8834460000000001 0.650038 0.427613 0.5104149999999998 0.068474 0.0032130000000000006
31 SNU-175 BRAF 29.9 0.6220490000000001 0.41498799999999997 0.151781 0.9566669999999999 0.26427 0.040649000000000005
30 IGR-37 MEK 29.9 0.8962950000000001 0.863523 0.117087 0.5376529999999999 0.07166799999999998 0.0028
32 HT-29 BRAF 29.8 0.8874019999999999 0.657671 0.409459 0.5127409999999999 0.075487 0.0036
31 SNU-175 PI3K 29.9 0.565336 0.41684899999999997 0.10868400000000002 0.9546379999999999 0.247413 0.032966999999999996
33 MEL-JUSO Zero 29.9 0.502385 0.4551420000000001 0.108673 0.969684 0.6697460000000001 0.021235
32 HT-29 PI3K 29.8 0.8588260000000001 0.63435 0.29337599999999997 0.5803499999999999 0.084883 0.004538
31 SNU-175 p53 29.9 0.6402499999999999 0.418845 0.17035700000000004 0.9375359999999999 0.14548100000000003 0.008
33 MEL-JUSO BRAF 29.9 0.501489 0.4512079999999999 0.10248099999999999 0.971187 0.667308 0.021148
32 HT-29 p53 29.8 0.89262 0.6583519999999999 0.437286 0.48408400000000007 0.06457700000000001 0.000238
33 MEL-JUSO PI3K 29.9 0.512091 0.463057 0.0 0.9864970000000001 0.7148610000000001 0.032129
31 SNU-175 MEK 29.9 0.6038539999999999 0.421607 0.14858900000000003 0.9489759999999998 0.264495 0.04309000000000001
33 MEL-JUSO p53 29.9 0.512833 0.463379 0.11345000000000001 0.9699679999999999 0.666221 0.020443
32 HT-29 MEK 29.9 0.8268890000000001 0.5867230000000001 0.108524 0.6059180000000001 0.17936799999999997 0.020171
34 IPC-298 Zero 29.8 0.9106960000000001 0.864414 0.385765 0.6924400000000002 0.273139 0.031363999999999996
35 HT-115 Zero 29.8 0.999601 0.998601 0.991202 0.6202359999999999 0.059927 0.0
33 MEL-JUSO MEK 29.9 0.30511400000000005 0.206016 0.029859 0.9382480000000001 0.5499860000000001 0.012805
34 IPC-298 BRAF 29.8 0.9079670000000001 0.8615240000000002 0.39759099999999997 0.6832180000000001 0.268198 0.0306
35 HT-115 BRAF 29.8 0.9997999999999999 0.9995999999999999 0.8581850000000001 0.6558379999999999 0.070924 0.0
36 T84 Zero 29.8 0.9988 0.9979999999999999 0.9466429999999999 0.54713 0.210077 0.034229
34 IPC-298 PI3K 29.8 0.886647 0.851945 0.0002 0.961401 0.468304 0.054813
35 HT-115 PI3K 29.8 0.9996000000000002 0.9986 0.619723 0.747413 0.114294 0.0007999999999999999
36 T84 BRAF 29.8 0.9992010000000001 0.9970010000000001 0.7926350000000001 0.546524 0.206293 0.033209999999999996
34 IPC-298 p53 29.8 0.912321 0.86093 0.381348 0.694471 0.25955399999999995 0.0014
35 HT-115 p53 29.8 1.000001 0.9994890000000001 0.990078 0.620464 0.057391 0.0002
36 T84 PI3K 29.8 0.9988 0.996015 0.0 0.9372229999999999 0.564455 0.102896
34 IPC-298 MEK 29.9 0.8889870000000002 0.8525510000000002 0.107161 0.6601370000000001 0.276344 0.026951
36 T84 p53 29.8 0.999199 0.997999 0.944935 0.5500060000000001 0.21207 0.025471
35 HT-115 MEK 29.9 0.9993749999999999 0.9990009999999999 0.011087 0.684678 0.086399 0.001
37 SW48 Zero 29.8 0.827451 0.748801 0.22336499999999998 0.5964240000000001 0.15952199999999997 0.0
36 T84 MEK 29.9 0.9987989999999999 0.9972009999999999 0.234653 0.536366 0.20694100000000004 0.036342
38 RKO Zero 29.8 0.9466750000000002 0.8197650000000001 0.642902 0.884667 0.029049 0.0012000000000000001
37 SW48 BRAF 29.9 0.834089 0.748046 0.220114 0.605429 0.169458 0.0
39 CaR-1 Zero 29.9 0.7396750000000002 0.6407110000000001 0.448158 0.299861 0.016533 0.0002
37 SW48 PI3K 29.9 0.798964 0.7200880000000001 0.10990699999999999 0.6719470000000001 0.209344 0.0
38 RKO BRAF 29.8 0.9510939999999999 0.8395139999999999 0.36067299999999997 0.9761949999999999 0.071966 0.0036000000000000003
39 CaR-1 BRAF 29.9 0.746364 0.648787 0.45895400000000003 0.313665 0.019112999999999998 0.0007999999999999999
37 SW48 p53 29.9 0.8274090000000001 0.7517460000000001 0.21521300000000002 0.6117610000000001 0.171306 0.0
38 RKO PI3K 29.8 0.9288760000000001 0.737759 0.0 0.9471499999999999 0.07703099999999999 0.002
39 CaR-1 PI3K 29.8 0.695287 0.559122 0.0 0.37956600000000007 0.044834 0.002
37 SW48 MEK 29.9 0.824031 0.7543479999999999 0.016843999999999998 0.6283369999999999 0.19504000000000002 0.0002
38 RKO p53 29.8 0.9427769999999999 0.8246009999999999 0.649829 0.8804519999999999 0.022667 0.0004
39 CaR-1 p53 29.9 0.741645 0.6480670000000001 0.45741699999999996 0.268297 0.004486 0.0
40 GP2d Zero 29.8 0.9982929999999998 0.9882209999999999 0.25233700000000003 0.9628709999999998 0.41275 0.081928
38 RKO MEK 29.9 0.9551880000000001 0.854933 0.017348 0.9899350000000001 0.07976899999999999 0.005200000000000001
39 CaR-1 MEK 29.9 0.741095 0.640049 0.3945 0.3113669999999999 0.022432 0.0006
41 CP66-MEL Zero 29.8 0.9450059999999999 0.929005 0.647804 0.178363 0.039792 0.006200000000000001
40 GP2d BRAF 29.8 0.9968000000000001 0.9896 0.229948 0.9722900000000001 0.5404909999999999 0.11304900000000001
42 CL-11 Zero 29.9 0.999199 0.998799 0.8195859999999999 0.35823200000000005 0.063969 0.005
41 CP66-MEL BRAF 29.8 0.9443739999999998 0.9293079999999998 0.5841769999999998 0.18759 0.050212 0.0074
40 GP2d PI3K 29.8 0.993914 0.985008 0.009399999999999999 1.000001 0.500011 0.096307
42 CL-11 BRAF 29.8 0.9996 0.999 0.805588 0.354555 0.06909 0.0038
41 CP66-MEL PI3K 29.8 0.943449 0.928276 0.07757 0.44818099999999994 0.09917700000000002 0.019892
40 GP2d p53 29.8 0.996175 0.987152 0.260075 0.9572729999999999 0.38006199999999996 0.0
42 CL-11 PI3K 29.8 0.9969999999999999 0.9945999999999999 0.0 0.92812 0.559238 0.064065
41 CP66-MEL p53 29.8 0.9463780000000002 0.9327240000000001 0.653761 0.154536 0.013493000000000002 0.0
40 GP2d MEK 29.9 0.997399 0.991457 0.195751 0.973858 0.5460670000000001 0.105088
42 CL-11 p53 29.8 0.9995989999999999 0.9983989999999999 0.8263369999999999 0.35954500000000006 0.07356499999999999 0.0054
41 CP66-MEL MEK 29.9 0.9372299999999998 0.927182 0.18383400000000003 0.206789 0.07491099999999999 0.0124
43 Hs-939-T Zero 29.8 0.979568 0.896655 0.578782 0.33993 0.113878 0.008467
42 CL-11 MEK 29.9 0.999344 0.99888 0.0 0.34594 0.029437 0.0
44 HT-144 Zero 29.8 0.968615 0.8892199999999999 0.45966 0.23822700000000002 0.045566 0.0
43 Hs-939-T BRAF 29.8 0.980897 0.8815939999999999 0.538516 0.324725 0.104196 0.008799
45 HCC2998 Zero 29.8 0.9972000000000001 0.9944000000000001 0.986132 0.8212519999999999 0.30907700000000005 0.0094
44 HT-144 BRAF 29.9 0.968507 0.8540559999999999 0.41624000000000005 0.21047 0.03642 0.0
45 HCC2998 BRAF 29.8 0.996801 0.995401 0.977439 0.8216000000000001 0.320257 0.0078
43 Hs-939-T PI3K 29.9 0.948569 0.7991039999999999 0.001 0.9438050000000001 0.40391600000000005 0.039888
44 HT-144 PI3K 29.9 0.965518 0.486518 0.0004 0.916999 0.233469 0.0
45 HCC2998 PI3K 29.8 0.9625619999999999 0.9555989999999999 0.5550689999999999 0.857743 0.42699 0.10174100000000001
43 Hs-939-T p53 29.9 0.9811040000000001 0.891769 0.5716169999999999 0.342745 0.10834000000000002 0.0094
44 HT-144 p53 29.9 0.9621179999999998 0.8920999999999998 0.45520900000000003 0.22803400000000001 0.045006000000000004 0.0
45 HCC2998 p53 29.8 0.9972 0.9944000000000001 0.9864 0.646413 0.039316000000000004 0.0006
43 Hs-939-T MEK 29.9 0.949766 0.7895340000000001 0.017859999999999997 0.10374900000000001 0.031875 0.0047409999999999996
45 HCC2998 MEK 29.9 0.9966000000000002 0.9958000000000001 0.373558 0.8575390000000002 0.36730700000000005 0.0088
44 HT-144 MEK 29.9 0.9665510000000002 0.644534 0.157396 0.215302 0.035113 0.0
46 SW1417 Zero 29.8 1.0 1.0 0.693768 0.5305480000000001 0.032458 0.0
47 CCK-81 Zero 29.9 0.818799 0.300163 0.08224599999999999 0.982599 0.41463099999999997 0.07193899999999999
46 SW1417 BRAF 29.8 1.000001 1.000001 0.621898 0.559515 0.038827 0.0
48 LIM1215 Zero 29.9 1.0 1.0 0.355272 0.8292970000000001 0.244826 0.044256
47 CCK-81 BRAF 29.9 0.816856 0.28440100000000007 0.067868 0.9865990000000001 0.43488499999999997 0.084592
46 SW1417 PI3K 29.8 1.000001 1.000001 0.0012000000000000001 0.8729929999999999 0.121428 0.0014
48 LIM1215 BRAF 29.9 1.000001 1.000001 0.336754 0.824487 0.23922000000000002 0.040052000000000004
47 CCK-81 PI3K 29.9 0.808271 0.28520799999999996 0.0007999999999999999 0.999801 0.477836 0.090634
46 SW1417 p53 29.8 0.9999999999999999 0.9999999999999999 0.6924319999999999 0.5371199999999999 0.038196999999999995 0.0002
48 LIM1215 PI3K 29.8 1.0000010000000001 1.0000010000000001 0.24332499999999999 0.861052 0.282601 0.048782
47 CCK-81 p53 29.9 0.823776 0.29574100000000003 0.076262 0.9757609999999999 0.23656000000000002 0.012976
48 LIM1215 p53 29.9 1.0000010000000001 1.0000010000000001 0.34936999999999996 0.698029 0.13173 0.0
46 SW1417 MEK 29.9 1.0 1.0 0.066883 0.809516 0.074027 0.001729
47 CCK-81 MEK 29.9 0.821509 0.2899629999999999 0.058830999999999994 0.9853249999999999 0.45574499999999996 0.08323
48 LIM1215 MEK 29.9 1.0000010000000001 1.0000010000000001 0.256359 0.8354430000000002 0.266834 0.046101
49 SW620 Zero 29.9 0.9881690000000001 0.9358000000000001 0.351327 0.706153 0.236322 0.0042
49 SW620 BRAF 29.9 0.9857210000000001 0.935 0.215143 0.9076400000000001 0.613542 0.0228
50 CL-34 Zero 29.8 0.999377 0.7781960000000001 0.394039 0.928005 0.6544939999999999 0.257352
51 DiFi Zero 29.9 1.0 1.0 0.799902 0.927804 0.6245099999999999 0.282124
49 SW620 PI3K 29.9 0.9839850000000001 0.9296420000000001 0.079427 0.7965590000000001 0.28114599999999995 0.007
51 DiFi BRAF 29.8 1.0 1.0 0.80743 0.932481 0.614021 0.279016
50 CL-34 BRAF 29.9 0.999132 0.782658 0.385247 0.9428400000000001 0.670571 0.27944199999999997
51 DiFi PI3K 29.9 1.0 1.0 0.062034 0.993 0.9206139999999999 0.665303
49 SW620 p53 29.8 0.983248 0.935593 0.34894800000000004 0.575961 0.018892000000000003 0.0
51 DiFi p53 29.9 1.0 1.0 0.801536 0.7119489999999999 0.345887 0.0
50 CL-34 PI3K 29.8 0.9998010000000002 0.78129 0.0 1.0000010000000001 0.794299 0.35479000000000005
49 SW620 MEK 29.9 0.9842000000000001 0.936863 0.00152 0.9363889999999999 0.676762 0.028009
51 DiFi MEK 29.9 1.0 1.0 0.736041 0.9444 0.6350450000000001 0.279863
52 UACC-257 Zero 29.9 0.746077 0.724963 0.09230000000000001 0.674143 0.34158099999999997 0.066002
50 CL-34 p53 29.9 0.9995989999999999 0.779343 0.397843 0.9107279999999999 0.5427409999999999 0.0018
53 SW403 Zero 29.8 0.9999990000000001 0.938226 0.829744 0.5965010000000001 0.283026 0.042832
52 UACC-257 BRAF 29.9 0.744334 0.72065 0.031645 0.653647 0.317107 0.059822
50 CL-34 MEK 29.9 0.9991989999999998 0.7810689999999999 0.216118 0.9302129999999998 0.612227 0.244465
53 SW403 BRAF 29.8 1.0000000000000002 0.9354910000000001 0.8187200000000001 0.5719879999999999 0.27794800000000003 0.041807
52 UACC-257 PI3K 29.9 0.752792 0.731985 0.0 0.761483 0.41730799999999996 0.08105100000000001
53 SW403 PI3K 29.9 1.000001 0.9418739999999999 0.67311 0.621126 0.317601 0.049782
54 CP50-MEL-B Zero 29.9 0.992399 0.949454 0.721603 0.006599999999999999 0.0 0.0
52 UACC-257 p53 29.9 0.745855 0.725982 0.08741900000000001 0.6855549999999999 0.348348 0.05968299999999999
53 SW403 p53 29.9 0.999999 0.9377939999999999 0.8392879999999999 0.515308 0.270052 0.0
54 CP50-MEL-B BRAF 29.8 0.9899470000000001 0.9422300000000001 0.683076 0.008799999999999999 0.0 0.0
52 UACC-257 MEK 29.9 0.724924 0.692063 0.0 0.6071140000000002 0.28840799999999994 0.056135
53 SW403 MEK 29.9 1.0000010000000001 0.934999 0.430965 0.637588 0.39691800000000005 0.060183
54 CP50-MEL-B PI3K 29.9 0.936121 0.75752 0.07916400000000001 0.098673 0.012199999999999999 0.0
55 SNU-81 Zero 29.8 0.9999999999999999 0.9897999999999999 0.8785379999999999 0.429616 0.008161 0.0007999999999999999
56 COLO-201 Zero 29.9 1.0 0.7339570000000001 0.22523400000000002 0.9918 0.7241970000000001 0.359141
54 CP50-MEL-B p53 29.9 0.992 0.94796 0.726685 0.005746 0.0 0.0
55 SNU-81 BRAF 29.8 0.999601 0.990201 0.835166 0.45955 0.008168 0.001
56 COLO-201 BRAF 29.8 1.0 0.702601 0.1935 0.9914 0.741255 0.385169
55 SNU-81 PI3K 29.8 0.9997999999999999 0.9848 0.444917 0.627645 0.022343 0.001
54 CP50-MEL-B MEK 29.9 0.974305 0.838638 0.311621 0.019108 0.0002 0.0
55 SNU-81 p53 29.8 0.9999329999999998 0.9887999999999999 0.874319 0.332669 0.0028620000000000004 0.0
56 COLO-201 PI3K 29.8 0.9999999999999999 0.5765199999999999 0.048509000000000004 0.9982 0.789113 0.46925500000000003
57 SNU-283 Zero 29.9 0.992 0.824923 0.684097 0.8031649999999999 0.232179 0.013646
55 SNU-81 MEK 29.9 0.999801 0.989599 0.6712520000000001 0.498188 0.011907999999999998 0.0014
56 COLO-201 p53 29.9 1.000001 0.7382139999999998 0.224104 0.990201 0.57599 0.0024000000000000002
57 SNU-283 BRAF 29.9 0.9898000000000001 0.818816 0.6848110000000002 0.8112109999999999 0.23463300000000006 0.015600000000000001
56 COLO-201 MEK 29.9 1.000001 0.559055 0.023439 1.000001 0.8475030000000001 0.446986
58 LB2518-MEL Zero 29.9 0.5728609999999998 0.377744 0.155408 0.24769300000000002 0.004 0.0
57 SNU-283 PI3K 29.9 0.994553 0.824382 0.5738489999999999 0.7997340000000001 0.23258199999999998 0.0172
57 SNU-283 p53 29.9 0.9944 0.818754 0.681354 0.8105309999999999 0.23169299999999995 0.014
59 SK-MEL-28 Zero 29.9 0.725667 0.680164 0.149315 0.918322 0.010372 0.0
58 LB2518-MEL BRAF 29.9 0.429561 0.28638800000000003 0.07846800000000001 0.20708600000000002 0.007308 0.0
57 SNU-283 MEK 29.9 0.9936 0.816538 0.596908 0.8283199999999998 0.251383 0.015533
58 LB2518-MEL PI3K 29.9 0.533446 0.36029900000000004 0.096945 0.31943499999999997 0.004 0.0
60 SW1463 Zero 29.8 0.9999990000000001 0.63882 0.431299 0.34441399999999994 0.07715000000000002 0.0034
59 SK-MEL-28 BRAF 29.9 0.7111839999999999 0.656787 0.074423 0.925514 0.012338 0.0004
58 LB2518-MEL p53 29.9 0.585051 0.38661999999999996 0.163253 0.253248 0.0036 0.0
60 SW1463 BRAF 29.9 1.0000000000000002 0.6307220000000001 0.150871 0.43988499999999997 0.105297 0.004047
59 SK-MEL-28 PI3K 29.9 0.6964589999999999 0.6604079999999999 0.0 0.9989999999999999 0.013490999999999998 0.0004
60 SW1463 PI3K 29.8 1.0 0.629085 0.20183399999999999 0.580616 0.225778 0.009252
58 LB2518-MEL MEK 29.9 0.388195 0.27141200000000004 0.032319 0.187194 0.005206 0.0
59 SK-MEL-28 p53 29.9 0.7226189999999998 0.671484 0.146424 0.9216529999999998 0.007364000000000001 0.0
60 SW1463 p53 29.8 0.9999990000000001 0.627916 0.41999899999999996 0.34705499999999995 0.07865899999999999 0.0
61 COLO-800 Zero 29.9 0.9971999999999999 0.699494 0.039988 0.9947999999999998 0.692897 0.13423
59 SK-MEL-28 MEK 29.9 0.683708 0.615664 0.02083 0.934322 0.012137 0.0004
60 SW1463 MEK 29.9 1.000001 0.631089 0.024881 0.48256200000000005 0.119208 0.00538
62 IST-MEL1 Zero 29.8 1.0 0.9998 0.538154 0.679266 0.221054 0.0
61 COLO-800 BRAF 29.9 0.9969929999999999 0.688461 0.037145 0.9957439999999999 0.6913159999999999 0.126149
63 SK-MEL-31 Zero 29.9 0.914245 0.27318299999999995 0.0432 0.604499 0.151311 0.011383999999999998
62 IST-MEL1 BRAF 29.9 1.0 0.9974000000000001 0.5362100000000001 0.7685520000000001 0.27964 0.0
61 COLO-800 PI3K 29.9 0.995599 0.674759 0.0 0.9999990000000002 0.7022780000000001 0.135746
62 IST-MEL1 PI3K 29.9 0.9998 0.591644 0.056266000000000004 0.841307 0.19000099999999998 0.016760999999999998
63 SK-MEL-31 BRAF 29.9 0.910456 0.24709100000000003 0.039647999999999996 0.6684740000000001 0.152874 0.012509
61 COLO-800 p53 29.9 0.9970020000000002 0.691168 0.037423 0.9913620000000001 0.38359099999999996 0.045663999999999996
62 IST-MEL1 p53 29.9 0.999999 0.999999 0.535042 0.636514 0.002083 0.0
63 SK-MEL-31 PI3K 29.9 0.5107530000000001 0.06191000000000001 0.000967 0.999999 0.4265050000000001 0.044788999999999995
61 COLO-800 MEK 29.9 0.995563 0.681824 0.020532 0.9904010000000001 0.6756230000000001 0.118776
62 IST-MEL1 MEK 29.9 1.0000010000000001 0.822961 0.331635 0.86614 0.37014400000000003 0.0
63 SK-MEL-31 p53 29.9 0.9266809999999999 0.28416899999999995 0.054681 0.407697 0.065314 0.0037040000000000003
64 SH-4 Zero 29.8 0.5386259999999999 0.49959 0.044081 0.924122 0.45311799999999997 0.0
65 OUMS-23 Zero 29.8 0.996034 0.960621 0.6824119999999999 0.486065 0.08684399999999999 0.0073999999999999995
64 SH-4 BRAF 29.9 0.5386540000000001 0.5056750000000001 0.038895 0.92291 0.443781 0.0
63 SK-MEL-31 MEK 29.9 0.634359 0.096271 0.0104 0.646407 0.124749 0.010180999999999999
65 OUMS-23 BRAF 29.8 0.995001 0.918838 0.5600080000000001 0.495889 0.08973600000000001 0.006
64 SH-4 PI3K 29.8 0.543463 0.510327 0.0 0.9685980000000001 0.48003999999999997 0.0
66 K2 Zero 29.8 0.6286660000000001 0.613541 0.23202699999999998 0.5617430000000001 0.031343 0.001
64 SH-4 p53 29.8 0.537879 0.5022189999999999 0.043627 0.9261929999999999 0.458456 0.0
65 OUMS-23 PI3K 29.8 0.9918 0.796331 0.054599999999999996 0.601828 0.181425 0.022372
65 OUMS-23 p53 29.8 0.9966010000000001 0.9563380000000001 0.672247 0.28038199999999996 0.025899000000000002 0.001611
64 SH-4 MEK 29.9 0.5315639999999999 0.500286 0.0002 0.919122 0.465933 0.0002
66 K2 BRAF 29.8 0.609253 0.587372 0.096234 0.5715239999999999 0.030572999999999996 0.0031999999999999997
65 OUMS-23 MEK 29.9 0.995001 0.7976800000000001 0.071785 0.511987 0.09772199999999999 0.005744
67 G-361 Zero 29.8 0.889715 0.462356 0.426454 0.577663 0.13741499999999998 0.0018
66 K2 PI3K 29.8 0.611004 0.5911489999999999 0.0 0.881752 0.048856 0.001471
68 GP5d Zero 29.8 0.839676 0.713997 0.29179299999999997 0.8732239999999999 0.125964 0.0026
67 G-361 BRAF 29.8 0.8563850000000001 0.41563600000000006 0.263934 0.6090960000000001 0.16749499999999998 0.002978
66 K2 p53 29.8 0.6216050000000001 0.59943 0.21698199999999998 0.564953 0.026817 0.0
67 G-361 PI3K 29.8 0.861479 0.395925 0.0 0.9912779999999999 0.6655279999999999 0.022111000000000002
68 GP5d BRAF 29.9 0.8206509999999999 0.6924489999999999 0.252291 0.8911279999999999 0.139966 0.001
66 K2 MEK 29.9 0.5973689999999999 0.5776669999999999 0.0031999999999999997 0.528808 0.042452 0.00219
67 G-361 p53 29.8 0.8923820000000001 0.464483 0.431945 0.5677909999999999 0.134877 0.001938
68 GP5d PI3K 29.8 0.8243809999999998 0.6944509999999999 0.24341699999999997 0.8934439999999997 0.13490500000000002 0.0018
67 G-361 MEK 29.9 0.8513250000000001 0.384604 0.006813 0.678176 0.216402 0.0018
68 GP5d p53 29.9 0.834291 0.707731 0.280086 0.8852800000000001 0.13722 0.0
69 COLO-829 Zero 29.8 0.9072969999999999 0.592384 0.366743 0.7528429999999999 0.307058 0.047437999999999994
70 RVH-421 Zero 29.8 0.9817999999999999 0.968706 0.881883 0.556694 0.015844999999999998 0.002
68 GP5d MEK 29.9 0.8322029999999998 0.6978169999999999 0.165248 0.8892509999999999 0.140663 0.0016
69 COLO-829 BRAF 29.9 0.834757 0.561905 0.103325 0.779844 0.317521 0.042233999999999994
70 RVH-421 BRAF 29.9 0.9766000000000001 0.969743 0.360355 0.5515310000000001 0.014580000000000003 0.002
71 WM-266-4 Zero 29.8 0.9975989999999999 0.995562 0.29085300000000003 0.8716529999999999 0.325027 0.017445
69 COLO-829 PI3K 29.8 0.650667 0.553222 0.0 0.999999 0.7171 0.21669000000000002
70 RVH-421 PI3K 29.9 0.9742810000000002 0.9658190000000001 0.002 0.941972 0.49801100000000004 0.103044
71 WM-266-4 BRAF 29.8 0.997 0.9954000000000001 0.128129 0.892539 0.33709300000000003 0.0137
70 RVH-421 p53 29.9 0.9847990000000001 0.9721540000000002 0.8892430000000001 0.5570800000000001 0.009021999999999999 0.0
69 COLO-829 p53 29.8 0.912006 0.599164 0.359889 0.634678 0.200146 0.023554
71 WM-266-4 PI3K 29.8 0.995827 0.9929300000000001 0.0 0.9954000000000001 0.48621000000000003 0.075466
70 RVH-421 MEK 29.9 0.9742469999999999 0.967 0.0021999999999999997 0.550515 0.014693999999999999 0.0031999999999999997
69 COLO-829 MEK 29.9 0.66068 0.5511880000000001 0.0015999999999999999 0.7490060000000001 0.24591400000000005 0.01609
71 WM-266-4 p53 29.8 0.997401 0.9954010000000001 0.29256899999999997 0.859765 0.257552 0.0068
72 LOXIMVI Zero 29.8 0.5731919999999999 0.494735 0.135413 0.6473589999999999 0.177049 0.0002
73 SW837 Zero 29.8 0.7620449999999999 0.608119 0.416385 0.5599129999999999 0.063223 0.0
71 WM-266-4 MEK 29.9 0.9972000000000001 0.9960000000000001 0.0012000000000000001 0.918772 0.340864 0.014255
72 LOXIMVI BRAF 29.8 0.55511 0.49051700000000004 0.035934 0.6384179999999999 0.18257800000000002 0.0002
73 SW837 BRAF 29.8 0.758975 0.607387 0.404266 0.5551480000000001 0.059064 0.0002
74 CL-40 Zero 29.8 0.9997999999999999 0.9994 0.402221 0.8575039999999999 0.453292 0.101764
72 LOXIMVI PI3K 29.8 0.572345 0.494963 0.0 0.8185749999999999 0.28644800000000004 0.0
73 SW837 PI3K 29.9 0.73343 0.5816830000000001 0.155412 0.570045 0.079592 0.0028
74 CL-40 BRAF 29.8 0.9999990000000001 0.9999990000000001 0.396179 0.862203 0.46045 0.11207600000000001
72 LOXIMVI p53 29.8 0.568724 0.5005780000000001 0.123367 0.6116769999999999 0.159832 0.0002
73 SW837 p53 29.8 0.772984 0.624063 0.42372000000000004 0.5520889999999999 0.06599999999999999 0.0006000000000000001
74 CL-40 PI3K 29.8 1.0 1.0 0.089577 0.9373459999999999 0.554766 0.132439
72 LOXIMVI MEK 29.9 0.5675240000000001 0.500191 0.0 0.6466320000000001 0.18080400000000002 0.0
73 SW837 MEK 29.9 0.7234900000000001 0.601262 0.23948100000000003 0.580176 0.0672 0.0007999999999999999
74 CL-40 p53 29.8 0.9999999999999999 0.9997999999999999 0.40515300000000004 0.8443419999999999 0.438556 0.092786
75 SK-CO-1 Zero 29.8 0.9999999999999999 0.9998609999999999 0.42156 0.8040309999999999 0.479384 0.14536
76 COLO-205 Zero 29.9 0.995999 0.9429989999999999 0.854073 0.993 0.766768 0.088499
74 CL-40 MEK 29.9 0.9981999999999999 0.9969669999999999 0.19615400000000002 0.848845 0.44573799999999997 0.112712
75 SK-CO-1 BRAF 29.8 0.999798 0.999798 0.37066400000000005 0.804569 0.492685 0.16554
76 COLO-205 BRAF 29.9 0.9966140000000001 0.9370270000000002 0.7467000000000001 0.993584 0.772525 0.095763
75 SK-CO-1 PI3K 29.8 1.0 1.0 0.0 1.0 0.743795 0.244767
77 SNU-61 Zero 29.8 0.839662 0.794006 0.46516099999999994 0.877563 0.25337400000000004 0.021712
76 COLO-205 PI3K 29.8 0.984001 0.923519 0.570585 0.9944000000000001 0.827069 0.247558
75 SK-CO-1 p53 29.8 0.999999 0.999999 0.425231 0.769358 0.445094 0.113788
77 SNU-61 BRAF 29.8 0.8499329999999999 0.8101379999999999 0.429496 0.8699349999999999 0.257874 0.022468000000000002
76 COLO-205 p53 29.9 0.9946 0.940798 0.848821 0.9775999999999999 0.28204500000000005 0.024671
75 SK-CO-1 MEK 29.9 0.999751 0.999601 0.10919200000000001 0.819468 0.517237 0.20096499999999998
77 SNU-61 PI3K 29.8 0.827255 0.807003 0.005 0.9983979999999999 0.46099099999999993 0.060115
76 COLO-205 MEK 29.9 0.9939989999999999 0.9208869999999999 0.07084 0.9991989999999998 0.8512439999999999 0.095722
78 LB373-MEL-D Zero 29.8 0.9518009999999999 0.9156489999999999 0.359079 0.46715400000000007 0.05835 0.0034
77 SNU-61 p53 29.8 0.853948 0.8070579999999999 0.47137 0.866597 0.21589499999999998 0.0132
79 COLO-678 Zero 29.9 0.9606500000000001 0.739982 0.22307 0.464497 0.234012 0.034127
78 LB373-MEL-D BRAF 29.8 0.9489550000000001 0.9118390000000001 0.191265 0.44176400000000005 0.054646 0.00228
77 SNU-61 MEK 29.9 0.829177 0.8015270000000001 0.18867499999999998 0.836814 0.2217 0.018041
79 COLO-678 BRAF 29.9 0.960488 0.519807 0.12199599999999998 0.47290099999999996 0.244258 0.034568
78 LB373-MEL-D PI3K 29.9 0.923068 0.874525 0.048065 0.681772 0.08806100000000001 0.003726
80 KM12 Zero 29.9 0.959088 0.5676810000000001 0.137066 0.9957990000000001 0.552431 0.116439
79 COLO-678 PI3K 29.9 0.9564809999999998 0.260328 0.0 0.9974009999999999 0.9076149999999998 0.126736
78 LB373-MEL-D p53 29.8 0.950369 0.915435 0.35791 0.43861900000000004 0.03349 0.0007999999999999999
80 KM12 BRAF 29.9 0.9638 0.559528 0.07619299999999998 0.9984000000000001 0.549566 0.11523199999999999
79 COLO-678 p53 29.8 0.9588450000000001 0.726211 0.198978 0.424568 0.24184599999999998 0.015600000000000003
78 LB373-MEL-D MEK 29.9 0.945508 0.891368 0.020349 0.48141199999999995 0.06046 0.0022
80 KM12 PI3K 29.9 0.9574900000000001 0.560077 0.0 1.0000010000000001 0.796349 0.188935
79 COLO-678 MEK 29.9 0.9642 0.29574700000000004 0.0088 0.4446920000000001 0.221939 0.031308
81 HCT-15 Zero 29.8 0.8480139999999999 0.7784679999999999 0.503829 0.589462 0.07177 0.0042
80 KM12 p53 29.9 0.958769 0.5528770000000001 0.149655 0.9973999999999998 0.477549 0.030153999999999997
82 G-MEL Zero 29.9 0.9597440000000003 0.9507440000000001 0.026258 0.48510899999999996 0.0538 0.0046
81 HCT-15 BRAF 29.8 0.842266 0.777673 0.50753 0.590268 0.069242 0.0038050000000000002
80 KM12 MEK 29.9 0.9601360000000001 0.5574800000000001 0.00522 0.9986000000000002 0.5348810000000002 0.11159100000000001
82 G-MEL BRAF 29.9 0.9595619999999999 0.9538249999999999 0.019502000000000002 0.47451 0.062808 0.0052
81 HCT-15 PI3K 29.8 0.8077169999999999 0.7286889999999999 0.405829 0.624199 0.070993 0.005671
83 LS-123 Zero 29.9 0.924055 0.9010400000000001 0.020936 0.8284950000000001 0.32868300000000006 0.0086
82 G-MEL PI3K 29.9 0.9590309999999999 0.952637 0.0 0.5085459999999999 0.063913 0.0042
81 HCT-15 p53 29.8 0.8378039999999999 0.766937 0.499417 0.56336 0.026 0.0
83 LS-123 BRAF 29.9 0.9267789999999999 0.902659 0.018685 0.8284939999999998 0.349624 0.0063999999999999994
82 G-MEL p53 29.9 0.959175 0.952817 0.022474 0.47000400000000003 0.059390000000000005 0.0016
83 LS-123 PI3K 29.9 0.92369 0.900861 0.0 0.877196 0.354435 0.0066
81 HCT-15 MEK 29.9 0.8425039999999999 0.760153 0.29074399999999995 0.635915 0.081247 0.0056
82 G-MEL MEK 29.9 0.955445 0.949065 0.012695999999999999 0.4444340000000001 0.055021 0.005126
83 LS-123 p53 29.9 0.9345509999999999 0.90818 0.024219 0.822137 0.326121 0.0
84 COLO-783 Zero 29.9 0.949181 0.9217120000000001 0.620753 0.9691809999999998 0.468922 0.09384699999999999
83 LS-123 MEK 29.9 0.9288249999999999 0.9034049999999999 0.027594 0.806102 0.32162399999999997 0.010894
85 CP67-MEL Zero 29.9 0.999117 0.590317 0.544485 0.014526 0.0 0.0
84 COLO-783 BRAF 29.9 0.940882 0.9196809999999999 0.35908799999999996 0.9916889999999999 0.6396519999999999 0.16720400000000002
85 CP67-MEL BRAF 29.9 0.9916170000000001 0.566513 0.44678799999999996 0.015199999999999998 0.0004 0.0
86 SK-MEL-3 Zero 29.9 0.429646 0.22272000000000003 0.082126 0.85069 0.4201169999999999 0.016188
85 CP67-MEL PI3K 29.9 0.8642700000000001 0.554134 0.156711 0.07471400000000002 0.002 0.0
84 COLO-783 PI3K 29.9 0.92825 0.9136500000000001 0.0 0.9998000000000001 0.7461920000000001 0.259294
86 SK-MEL-3 BRAF 29.9 0.3625420000000001 0.222507 0.028586999999999998 0.9052039999999999 0.525993 0.024624000000000004
85 CP67-MEL p53 29.8 0.9994000000000001 0.59391 0.544598 0.012400000000000001 0.0 0.0
84 COLO-783 p53 29.9 0.9549660000000001 0.923947 0.635204 0.966712 0.445517 0.08011800000000001
86 SK-MEL-3 PI3K 29.8 0.340894 0.218404 0.0 0.9814630000000002 0.6246920000000001 0.048813
85 CP67-MEL MEK 29.9 0.7850999999999999 0.538781 0.006521 0.013457999999999998 0.0 0.0
84 COLO-783 MEK 29.9 0.9313610000000001 0.9170020000000001 0.022947000000000002 0.9972000000000001 0.644006 0.17527500000000001
86 SK-MEL-3 p53 29.8 0.4277850000000001 0.230821 0.081233 0.8284290000000001 0.3516770000000001 0.010932
87 MDST8 Zero 29.9 0.9757640000000001 0.936499 0.854741 0.45536199999999993 0.10355400000000001 0.0
88 COLO-320 Zero 29.8 0.9382750000000001 0.23365899999999998 0.17026199999999997 0.14962799999999998 0.0164 0.000848
86 SK-MEL-3 MEK 29.9 0.360635 0.223701 0.019746 0.924104 0.528539 0.025088
87 MDST8 BRAF 29.9 0.9698040000000002 0.9231070000000001 0.33362700000000006 0.748569 0.252634 0.0
89 HMV-II Zero 29.8 0.9787450000000001 0.925685 0.909258 0.157198 0.0018 0.0002
88 COLO-320 BRAF 29.9 0.9289310000000001 0.197158 0.12052500000000001 0.16557999999999998 0.020491 0.0012000000000000001
87 MDST8 PI3K 29.9 0.6182 0.486859 0.0 0.8467250000000001 0.3852150000000001 0.002104
89 HMV-II BRAF 29.9 0.948612 0.917667 0.305704 0.15645000000000003 0.006 0.0006
87 MDST8 p53 29.9 0.9777880000000001 0.9318040000000001 0.8445590000000001 0.429906 0.083357 0.0
89 HMV-II PI3K 29.9 0.9348670000000001 0.9214480000000002 0.075529 0.249363 0.054067 0.009876
88 COLO-320 PI3K 29.9 0.915878 0.107016 0.0 0.6235149999999999 0.220976 0.026534000000000002
89 HMV-II p53 29.8 0.9828 0.925407 0.905178 0.146919 0.001 0.0002
87 MDST8 MEK 29.9 0.962422 0.912716 0.08273 0.8635980000000001 0.30270600000000003 0.0
88 COLO-320 p53 29.8 0.9369649999999999 0.22860000000000003 0.166731 0.14511500000000002 0.007739 0.0
89 HMV-II MEK 29.9 0.927211 0.915601 0.038985000000000006 0.233259 0.059409 0.0
90 LS-411N Zero 29.8 1.0000010000000001 0.9574390000000003 0.8304150000000001 0.9190330000000001 0.179408 0.011816
88 COLO-320 MEK 29.9 0.9252830000000001 0.203034 0.12534 0.16056800000000002 0.017061 0.0006000000000000001
91 SNU-C2B Zero 29.8 0.975425 0.937454 0.680581 0.6312710000000001 0.190283 0.020720999999999996
90 LS-411N BRAF 29.8 1.000001 0.955017 0.421076 0.964836 0.24443699999999996 0.035103999999999996
92 CHL-1 Zero 29.9 1.0 1.0 1.0 0.23607899999999998 0.0006 0.0
91 SNU-C2B BRAF 29.8 0.9735010000000001 0.935281 0.6773300000000001 0.6226870000000001 0.204879 0.021821999999999998
90 LS-411N PI3K 29.8 0.999999 0.9561149999999999 0.0014 0.999799 0.3947899999999999 0.051449
92 CHL-1 BRAF 29.9 1.000001 1.000001 0.9167299999999999 0.23644800000000002 0.0012 0.0
91 SNU-C2B PI3K 29.9 0.9558 0.923146 0.528706 0.6486009999999999 0.21149700000000002 0.02316
90 LS-411N p53 29.8 0.9999999999999999 0.956425 0.8418460000000001 0.915433 0.16444799999999998 0.0008
92 CHL-1 PI3K 29.9 1.0 1.0 0.0012 0.27457400000000004 0.0018 0.0
91 SNU-C2B p53 29.9 0.9703069999999999 0.9355459999999999 0.68279 0.623073 0.17641800000000002 0.0158
90 LS-411N MEK 29.9 1.0 0.95363 0.130625 0.9954240000000001 0.2660470000000001 0.032809000000000005
92 CHL-1 p53 29.8 1.0 1.0 1.0 0.244937 0.001 0.0
91 SNU-C2B MEK 29.9 0.9581120000000001 0.9365710000000002 0.04994500000000001 0.650513 0.22297300000000003 0.030432999999999995
92 CHL-1 MEK 29.9 1.0000010000000001 1.0000010000000001 0.0030529999999999997 0.26285600000000003 0.0002 0.0
93 VMRC-MELG Zero 29.9 0.8178939999999999 0.32075600000000004 0.127127 0.43480300000000005 0.064814 0.01
94 Geo Zero 29.9 0.9946009999999998 0.9459779999999999 0.179734 0.9676359999999998 0.7493619999999999 0.117645
93 VMRC-MELG BRAF 29.9 0.829241 0.317087 0.11879 0.43243100000000007 0.075622 0.0102
95 LS-180 Zero 29.8 1.0 1.0 0.5934650000000001 0.6526410000000001 0.17170000000000002 0.014164
94 Geo BRAF 29.9 0.9952260000000003 0.9462170000000002 0.175783 0.9701250000000001 0.7452340000000002 0.122547
93 VMRC-MELG PI3K 29.9 0.6539489999999999 0.164511 0.010419000000000001 0.55845 0.18434799999999998 0.04291400000000001
95 LS-180 BRAF 29.8 1.0000010000000001 1.0000010000000001 0.6022210000000001 0.6437820000000002 0.160645 0.0114
94 Geo PI3K 29.8 0.9925279999999999 0.9466329999999998 0.0004 0.9879389999999999 0.7715839999999999 0.122202
93 VMRC-MELG p53 29.9 0.828801 0.330859 0.12049200000000002 0.305372 0.052198999999999995 0.0054
95 LS-180 PI3K 29.9 1.0 1.0 0.5853119999999999 0.651713 0.166477 0.013946
94 Geo p53 29.9 0.9929089999999999 0.9411849999999999 0.18083100000000002 0.957097 0.670503 0.0
93 VMRC-MELG MEK 29.9 0.705139 0.17946800000000002 0.023254999999999998 0.5192049999999999 0.10806099999999999 0.017315
95 LS-180 p53 29.8 0.999999 0.999999 0.604635 0.638943 0.140823 0.0006000000000000001
94 Geo MEK 29.9 0.9992 0.95298 0.094717 0.961108 0.758574 0.188714
96 Malme-3M Zero 29.8 0.9998000000000001 0.987922 0.756323 0.022288 0.0031999999999999997 0.0002
95 LS-180 MEK 29.9 0.9999999999999999 0.9999999999999999 0.41577000000000003 0.641388 0.167576 0.015454
97 C32 Zero 29.9 0.9743870000000001 0.647509 0.58158 0.443681 0.0018180000000000002 0.0
96 Malme-3M BRAF 29.9 0.9998009999999999 0.8391 0.215054 0.051718999999999994 0.0031999999999999997 0.0002
98 SK-MEL-1 Zero 29.9 0.9994000000000001 0.9978 0.980728 0.11065400000000002 0.008649 0.0002
97 C32 BRAF 29.9 0.9430859999999999 0.578405 0.42723999999999995 0.4481159999999999 0.002 0.0
96 Malme-3M PI3K 29.9 0.999801 0.913745 0.476284 0.23108399999999998 0.065733 0.005213
98 SK-MEL-1 BRAF 29.9 0.9997999999999999 0.996449 0.875609 0.13109099999999999 0.011902 0.0
97 C32 PI3K 29.9 0.6579270000000002 0.5924360000000001 0.0004 0.990201 0.012582 0.0
96 Malme-3M p53 29.8 0.9998 0.99 0.751618 0.021074999999999997 0.0034000000000000002 0.0002
98 SK-MEL-1 PI3K 29.9 0.9987999999999999 0.9957999999999999 0.141625 0.7360319999999999 0.27121300000000004 0.020629
97 C32 p53 29.9 0.971405 0.640697 0.57409 0.448687 0.0017469999999999999 0.0
96 Malme-3M MEK 29.9 0.9995999999999999 0.7860559999999999 0.0002 0.058936 0.0031999999999999997 0.000284
98 SK-MEL-1 p53 29.9 0.999799 0.99881 0.980848 0.11459699999999999 0.00588 0.0006000000000000001
97 C32 MEK 29.9 0.687085 0.583869 0.009828 0.47217799999999993 0.0014629999999999999 0.0
99 LS-513 Zero 29.8 1.0000010000000001 0.998904 0.883229 0.779613 0.166918 0.080434
98 SK-MEL-1 MEK 29.9 0.9994 0.9939999999999999 0.097292 0.18698099999999998 0.0182 0.0004
100 WM278 Zero 29.9 0.9990009999999999 0.984381 0.784409 0.795113 0.13223000000000001 0.0012000000000000001
99 LS-513 BRAF 29.8 1.0 0.9986889999999999 0.8450629999999999 0.7816740000000001 0.16287700000000002 0.076793
101 MZ7-mel Zero 29.9 0.9939990000000001 0.988542 0.848086 0.109766 0.0 0.0
99 LS-513 PI3K 29.8 1.0000000000000002 0.9990000000000001 0.07463900000000001 0.980933 0.844562 0.45541699999999996
100 WM278 BRAF 29.9 0.9974 0.975423 0.6453650000000001 0.7933399999999999 0.12570699999999999 0.0014759999999999999
101 MZ7-mel BRAF 29.9 0.9956170000000002 0.9879310000000001 0.672092 0.10101399999999999 0.0 0.0
99 LS-513 p53 29.8 0.9999989999999999 0.9985989999999999 0.891845 0.6743389999999999 0.14424900000000002 0.061114
100 WM278 PI3K 29.9 0.9973320000000001 0.9360970000000001 0.0 0.9047900000000001 0.358216 0.0032
101 MZ7-mel PI3K 29.9 0.9917990000000001 0.9857300000000001 0.07886 0.27289699999999995 0.0002 0.0
99 LS-513 MEK 29.9 1.0 0.9991999999999999 0.570343 0.8303189999999999 0.153702 0.080831
101 MZ7-mel p53 29.9 0.997 0.989 0.857782 0.10283500000000001 0.0 0.0
100 WM278 p53 29.8 1.000002 0.9884379999999999 0.790441 0.7929039999999999 0.12881100000000004 0.0006000000000000001
101 MZ7-mel MEK 29.9 0.9916429999999998 0.9881129999999998 0.005939 0.14679799999999998 0.0 0.0
102 WM793B Zero 29.9 0.950767 0.83029 0.564221 0.9732120000000001 0.586609 0.0002
100 WM278 MEK 29.9 0.9968070000000001 0.9311040000000002 0.072966 0.785439 0.11168800000000001 0.0006
102 WM793B BRAF 29.9 0.9650179999999999 0.8454910000000001 0.5764980000000001 0.9758739999999999 0.626491 0.0004
103 RPMI-7951 Zero 29.9 0.983893 0.7467449999999999 0.254421 0.53507 0.02681 6.7e-05
104 SK-MEL-30 Zero 29.9 0.5488149999999999 0.47393799999999997 0.150199 0.755992 0.00899 0.0
102 WM793B PI3K 29.9 0.710411 0.39783999999999997 0.10504499999999999 0.9792649999999999 0.669451 0.0013999999999999998
103 RPMI-7951 BRAF 29.9 0.9777619999999999 0.61975 0.145399 0.538936 0.0216 0.0002
104 SK-MEL-30 BRAF 29.9 0.5593059999999999 0.479124 0.140241 0.7439439999999998 0.010491000000000002 0.0002
102 WM793B p53 29.9 0.951483 0.832358 0.578225 0.9650249999999999 0.579153 0.0006000000000000001
103 RPMI-7951 PI3K 29.9 0.9670319999999999 0.514918 0.0 0.964892 0.074377 0.0004
104 SK-MEL-30 PI3K 29.9 0.545248 0.47196600000000005 0.0 0.9011899999999999 0.009000000000000001 0.0
102 WM793B MEK 29.9 0.958334 0.7275360000000001 0.131175 0.986601 0.745016 0.0006000000000000001
104 SK-MEL-30 p53 29.9 0.551426 0.480809 0.151619 0.755482 0.0086 0.0
103 RPMI-7951 p53 29.9 0.9849999999999999 0.738627 0.256223 0.5387359999999999 0.0236 0.0
105 COLO-792 Zero 29.8 0.9999990000000001 0.9999990000000001 0.163264 0.824206 0.572725 0.156162
104 SK-MEL-30 MEK 29.9 0.5484009999999999 0.461794 0.002449 0.667171 0.025404 0.0
103 RPMI-7951 MEK 29.9 0.9671109999999998 0.5424129999999999 0.033948 0.533368 0.024031999999999998 0.0
105 COLO-792 BRAF 29.9 1.0000000000000002 1.0000000000000002 0.147737 0.821281 0.569551 0.155468
106 SNU-C1 Zero 29.8 1.0 0.991554 0.987268 0.721443 0.25775899999999996 0.069705
105 COLO-792 PI3K 29.8 1.0 1.0 0.0 0.995876 0.7355240000000001 0.201879
106 SNU-C1 BRAF 29.8 0.9999990000000001 0.9899140000000001 0.986029 0.715894 0.25224 0.068476
107 WM35 Zero 29.9 0.9998 0.999471 0.5691080000000001 0.173031 0.009441999999999999 0.0004
105 COLO-792 p53 29.9 0.999999 0.999999 0.164112 0.8264720000000001 0.5668340000000001 0.142771
106 SNU-C1 PI3K 29.8 0.9999999999999999 0.9903989999999999 0.702981 0.785731 0.40543 0.139044
107 WM35 BRAF 29.9 0.999401 0.998801 0.566364 0.18842900000000004 0.008 0.0004
105 COLO-792 MEK 29.9 0.999999 0.999999 0.020767 0.7217210000000001 0.510544 0.13859
106 SNU-C1 p53 29.8 1.000001 0.989575 0.985409 0.474367 0.15321200000000001 0.017661
107 WM35 PI3K 29.8 0.9992 0.998687 0.0 0.525156 0.03179 0.0014
108 HT55 Zero 29.9 1.0 0.9996 0.715049 0.832857 0.40431300000000003 0.10217799999999999
106 SNU-C1 MEK 29.9 1.0 0.991 0.6480469999999999 0.727237 0.260934 0.065809
107 WM35 p53 29.8 1.0 0.999035 0.5755060000000001 0.176935 0.007944 0.0
108 HT55 BRAF 29.9 1.0 0.9996 0.574277 0.8529730000000001 0.418414 0.114206
107 WM35 MEK 29.9 0.9996 0.9990000000000001 0.07653000000000001 0.42141199999999995 0.0086 0.0016
109 UACC-62 Zero 29.9 0.643625 0.4705 0.086074 0.9092570000000001 0.558242 0.0004
108 HT55 PI3K 29.9 1.0 0.9994000000000001 0.572776 0.8453820000000001 0.41298399999999996 0.10492599999999999
110 GAK Zero 29.8 0.7722180000000002 0.7021380000000002 0.256246 0.103475 0.0056040000000000005 0.0002
109 UACC-62 BRAF 29.9 0.611886 0.45050999999999997 0.046021 0.912884 0.559068 0.0006000000000000001
108 HT55 p53 29.8 0.9999999999999999 0.9997999999999999 0.7068299999999998 0.6936519999999999 0.177674 0.0008
110 GAK BRAF 29.9 0.770752 0.709544 0.040764999999999996 0.09746 0.005984 0.0002
109 UACC-62 PI3K 29.9 0.604596 0.450759 0.0 0.932969 0.598419 0.001578
108 HT55 MEK 29.9 1.0 0.9998 0.521794 0.854526 0.424906 0.11118900000000001
110 GAK PI3K 29.9 0.753376 0.691672 0.0 0.18615400000000001 0.016838 0.0014
109 UACC-62 p53 29.9 0.64644 0.4696 0.088571 0.911623 0.5510809999999999 0.0004
111 MZ2-MEL Zero 29.9 0.9988009999999999 0.9518490000000001 0.37806900000000004 0.150362 0.0004 0.0
110 GAK p53 29.9 0.77222 0.70456 0.269817 0.099515 0.007044 0.0004
109 UACC-62 MEK 29.9 0.48582800000000004 0.35505800000000004 0.0006 0.905117 0.536682 0.001264
111 MZ2-MEL BRAF 29.9 0.9992 0.837799 0.287819 0.22224999999999998 0.0002 0.0
110 GAK MEK 29.9 0.760022 0.70485 0.0002 0.095475 0.004654 0.0002
112 SNU-C5 Zero 29.8 0.8290400000000001 0.7446530000000001 0.265937 0.292148 0.0034 0.0
111 MZ2-MEL PI3K 29.8 0.9915269999999999 0.400393 0.0 0.9903999999999998 0.048117 0.0004
113 A375 Zero 29.9 0.9599280000000001 0.9040050000000001 0.26322100000000004 0.672871 0.022586000000000002 0.0
112 SNU-C5 BRAF 29.8 0.825099 0.738491 0.26601499999999995 0.29736100000000004 0.0034000000000000002 0.0
111 MZ2-MEL p53 29.9 0.999 0.944337 0.376382 0.15765 0.0 0.0
112 SNU-C5 PI3K 29.9 0.765232 0.6972389999999999 0.068396 0.352359 0.0044 0.0
113 A375 BRAF 29.9 0.9570790000000001 0.7084440000000001 0.18164100000000002 0.9857680000000001 0.049211000000000005 0.0
111 MZ2-MEL MEK 29.9 0.9989999999999999 0.406906 0.0060539999999999995 0.6684209999999999 0.0004 0.0
112 SNU-C5 p53 29.9 0.834912 0.7510469999999999 0.269208 0.27687199999999995 0.001 0.0
113 A375 PI3K 29.9 0.8799029999999999 0.24572100000000002 0.0014 0.9987999999999999 0.020487 0.0
114 SK-MEL-5 Zero 29.8 1.0000010000000001 0.9990010000000001 0.666431 0.418091 0.079601 0.005043
112 SNU-C5 MEK 29.9 0.8195450000000001 0.74131 0.119236 0.29939699999999997 0.0028 0.0
113 A375 p53 29.9 0.9583969999999998 0.9011639999999999 0.245147 0.6733029999999999 0.005999999999999999 0.0
114 SK-MEL-5 BRAF 29.8 0.999999 0.999061 0.08721000000000001 0.45873200000000003 0.092429 0.0026
115 COLO-679 Zero 29.8 0.843767 0.750035 0.21947699999999998 0.8732870000000001 0.373675 0.0
113 A375 MEK 29.9 0.95726 0.44473799999999997 0.06941699999999999 0.9981990000000001 0.052334 0.0
114 SK-MEL-5 PI3K 29.8 0.9996 0.999 0.0 0.9976 0.343167 0.023329
115 COLO-679 BRAF 29.8 0.842224 0.751755 0.17200300000000002 0.8683660000000001 0.389337 0.0
114 SK-MEL-5 p53 29.8 0.9998 0.9992 0.674572 0.41034 0.07082100000000001 0.0026
115 COLO-679 PI3K 29.8 0.7901410000000001 0.7348150000000001 0.0 0.9988 0.553374 0.0
114 SK-MEL-5 MEK 29.9 0.9994 0.9986949999999999 0.005847999999999999 0.44567199999999996 0.085996 0.0022
115 COLO-679 p53 29.8 0.8504500000000002 0.7529940000000002 0.221279 0.877279 0.396418 0.0
115 COLO-679 MEK 29.9 0.7922819999999998 0.7372429999999999 0.004122 0.7896189999999998 0.31018 0.0
